0 0.703646 0.621296 0.021354 0.057407
0 0.709505 0.477546 0.019531 0.059722
0 0.995313 0.667593 0.009375 0.059259
0 0.936458 0.606481 0.026562 0.053704
0 0.967708 0.508333 0.027083 0.051852
0 0.948307 0.441898 0.019531 0.058796
0 0.876693 0.424306 0.048698 0.044907
0 0.686849 0.227083 0.024219 0.122685
0 0.702604 0.036574 0.018750 0.036111
0 0.817057 0.146296 0.035156 0.029630
0 0.889193 0.121528 0.029948 0.028241
0 0.881901 0.098380 0.033073 0.026389
0 0.809766 0.113889 0.031510 0.027778
0 0.809375 0.099074 0.034375 0.024074
0 0.806901 0.080556 0.028385 0.028704
0 0.807422 0.069444 0.033073 0.025000
0 0.801562 0.044213 0.031250 0.030093
0 0.863151 0.035880 0.041927 0.030093
0 0.353125 0.055093 0.017708 0.038889
0 0.683854 0.984491 0.026562 0.031019
