0 0.416667 0.912731 0.029167 0.030093
0 0.431510 0.864815 0.032813 0.033333
0 0.334505 0.834259 0.027344 0.036111
0 0.512500 0.781481 0.020833 0.061111
0 0.490755 0.613889 0.013281 0.036111
0 0.478516 0.535185 0.013281 0.036111
0 0.480990 0.459259 0.010417 0.031481
0 0.493750 0.442824 0.009896 0.026389
0 0.485807 0.386343 0.009635 0.022685
0 0.464583 0.353241 0.009896 0.021296
0 0.472786 0.343750 0.010156 0.022685
0 0.454818 0.321065 0.009115 0.020833
0 0.457943 0.305093 0.008594 0.017593
0 0.428906 0.265278 0.014063 0.025926
0 0.423568 0.250694 0.009115 0.010648
0 0.398698 0.226157 0.007812 0.010648
0 0.379818 0.210417 0.009635 0.010648
0 0.366276 0.206019 0.007031 0.009259
0 0.363411 0.195833 0.009115 0.010185
0 0.347786 0.191204 0.009115 0.010185
0 0.338151 0.178935 0.004948 0.009722
