0 0.450521 0.281713 0.008333 0.011574
0 0.463932 0.282870 0.006510 0.011111
0 0.469141 0.296991 0.007552 0.011574
0 0.480859 0.314815 0.008073 0.013889
0 0.507812 0.377083 0.007812 0.015278
0 0.512891 0.410880 0.007031 0.017130
0 0.522656 0.409259 0.006250 0.017593
0 0.524740 0.430787 0.007292 0.018981
0 0.517188 0.471759 0.006250 0.019444
0 0.530599 0.505093 0.009115 0.021296
0 0.399740 0.353704 0.007812 0.015741
0 0.530078 0.594676 0.011719 0.027315
0 0.542839 0.598380 0.010156 0.029167
0 0.628385 0.983565 0.020833 0.032870
