0 0.241667 0.984028 0.041146 0.031944
0 0.240755 0.957176 0.042969 0.039352
0 0.242318 0.906481 0.046094 0.042593
0 0.286589 0.627315 0.039844 0.039815
0 0.627734 0.906713 0.023177 0.066204
0 0.621615 0.839352 0.023438 0.070370
0 0.779557 0.927546 0.050260 0.051389
0 0.947656 0.955787 0.048958 0.042130
0 0.918359 0.852315 0.048177 0.039815
0 0.914062 0.822454 0.046354 0.041204
0 0.702214 0.550231 0.017969 0.049537
0 0.674349 0.512269 0.029948 0.031944
0 0.685807 0.445602 0.017969 0.042130
0 0.679427 0.359028 0.017188 0.045833
0 0.659635 0.249769 0.014063 0.027315
0 0.720052 0.261343 0.029167 0.031019
0 0.715234 0.216667 0.029427 0.031481
0 0.709896 0.198611 0.033333 0.028704
0 0.609896 0.147222 0.026042 0.024074
0 0.671745 0.109954 0.014844 0.031019
0 0.633594 0.040972 0.013021 0.021759
0 0.631510 0.020602 0.011458 0.019907
