0 0.319661 0.445602 0.005990 0.013426
0 0.599349 0.837731 0.017969 0.042130
0 0.588281 0.702778 0.016667 0.036111
0 0.549740 0.621528 0.014583 0.031019
0 0.554688 0.572454 0.029167 0.066204
0 0.481641 0.439120 0.010156 0.018981
0 0.487109 0.423380 0.010677 0.018056
0 0.473698 0.395833 0.010417 0.016667
0 0.453776 0.353704 0.014323 0.028704
0 0.438542 0.346759 0.008333 0.014815
0 0.425130 0.312731 0.010156 0.024537
0 0.430469 0.294213 0.006250 0.014352
0 0.421615 0.268519 0.005729 0.012037
0 0.431771 0.266435 0.005208 0.011574
0 0.436198 0.252315 0.006250 0.012037
0 0.450130 0.225000 0.007552 0.011111
0 0.448307 0.235185 0.006510 0.011111
