0 0.296224 0.466204 0.008594 0.015741
0 0.298177 0.530787 0.008854 0.020833
0 0.297005 0.606019 0.010677 0.025926
0 0.519661 0.859259 0.022135 0.120370
0 0.544922 0.863657 0.015365 0.055093
0 0.521875 0.647917 0.012500 0.030093
0 0.503255 0.539352 0.011719 0.024074
0 0.478516 0.494907 0.011719 0.023148
0 0.492318 0.483102 0.011198 0.024537
0 0.460547 0.432407 0.009635 0.018519
0 0.468490 0.412731 0.009375 0.018981
0 0.439453 0.362963 0.009115 0.013889
0 0.383984 0.296528 0.007552 0.011574
0 0.369922 0.268287 0.008073 0.011574
0 0.352344 0.257176 0.007292 0.012500
0 0.349740 0.240509 0.014583 0.022685
0 0.320443 0.209954 0.003906 0.007870
0 0.328385 0.209491 0.004687 0.009722
0 0.327604 0.201620 0.004167 0.006944
0 0.330208 0.184722 0.007292 0.016667
0 0.337500 0.178241 0.005208 0.008333
0 0.338932 0.165972 0.007552 0.016204
