0 0.364714 0.497454 0.020052 0.056019
0 0.410026 0.266898 0.016927 0.040278
0 0.315495 0.174537 0.017969 0.041667
0 0.662760 0.018519 0.015625 0.032407
0 0.706641 0.286574 0.021094 0.049074
0 0.821875 0.284491 0.038021 0.028241
0 0.829167 0.302778 0.040625 0.030556
0 0.834115 0.320602 0.043229 0.026389
0 0.836068 0.337963 0.041927 0.025000
0 0.838021 0.357407 0.045833 0.040741
0 0.912240 0.275926 0.040104 0.035185
0 0.906510 0.309722 0.039062 0.030556
0 0.917708 0.330787 0.042188 0.033796
0 0.925000 0.354167 0.041146 0.026852
0 0.930599 0.380093 0.041927 0.040741
0 0.732552 0.456019 0.021354 0.049074
0 0.845573 0.411111 0.038542 0.038889
0 0.858073 0.449537 0.042188 0.037963
0 0.868880 0.490509 0.046615 0.036574
0 0.877734 0.511806 0.039323 0.037500
0 0.884505 0.539120 0.051302 0.043981
0 0.892578 0.580093 0.047656 0.039815
0 0.961849 0.460185 0.042969 0.032407
0 0.969531 0.482639 0.041667 0.032870
0 0.974349 0.509722 0.045052 0.039815
0 0.952083 0.571528 0.030729 0.055093
0 0.924870 0.711574 0.049740 0.046296
0 0.770443 0.741435 0.026302 0.063426
0 0.929297 0.748380 0.050260 0.041204
0 0.952865 0.878009 0.052083 0.040278
0 0.949609 0.902778 0.055990 0.053704
0 0.973958 0.939583 0.052083 0.051389
0 0.978776 0.975694 0.042448 0.048611
0 0.809505 0.985417 0.026302 0.029167
