0 0.547656 0.867130 0.043750 0.105556
0 0.614323 0.646759 0.038021 0.081481
0 0.667839 0.507407 0.032552 0.067593
0 0.677344 0.352546 0.037500 0.061574
0 0.741797 0.310185 0.027865 0.068519
0 0.707161 0.221296 0.024740 0.064815
0 0.711849 0.133565 0.032031 0.056019
0 0.660547 0.092824 0.035156 0.055093
0 0.658724 0.018750 0.029948 0.036574
0 0.391797 0.025000 0.047135 0.049074
0 0.283854 0.071296 0.022396 0.056481
0 0.301042 0.198148 0.027604 0.064815
0 0.352214 0.300463 0.038802 0.068519
0 0.530208 0.452315 0.054167 0.050926
0 0.598958 0.421759 0.054167 0.051852
