0 0.421354 0.860880 0.023438 0.054167
0 0.495443 0.679630 0.017969 0.037963
0 0.525651 0.600926 0.019010 0.037037
0 0.547135 0.521065 0.015104 0.024537
0 0.565755 0.515509 0.016406 0.030093
0 0.594792 0.466898 0.013542 0.021759
0 0.567578 0.380787 0.013281 0.011574
0 0.565885 0.405556 0.013021 0.035185
0 0.634245 0.383796 0.012240 0.021296
0 0.632943 0.406250 0.012760 0.019907
0 0.623047 0.312500 0.010677 0.011111
0 0.666536 0.330787 0.010156 0.018056
0 0.679948 0.311806 0.008854 0.016204
0 0.702083 0.242130 0.005208 0.012963
0 0.702865 0.202315 0.005208 0.011111
0 0.710807 0.196296 0.004948 0.011111
0 0.702083 0.186806 0.005208 0.008796
0 0.708464 0.181944 0.005469 0.007407
0 0.700521 0.176389 0.005208 0.010185
0 0.754948 0.495139 0.018229 0.012500
0 0.787500 0.798843 0.034375 0.045833
0 0.789714 0.983102 0.022135 0.033796
0 0.751302 0.951389 0.021875 0.040741
0 0.717578 0.976389 0.020573 0.042593
0 0.285156 0.536806 0.019792 0.015278
0 0.280729 0.547685 0.020833 0.016667
0 0.269141 0.570139 0.022656 0.015278
0 0.267448 0.579398 0.021875 0.017130
0 0.258464 0.583565 0.021094 0.015278
0 0.259115 0.590046 0.021875 0.009722
