0 0.241667 0.923611 0.047396 0.044444
0 0.252604 0.897685 0.040104 0.034259
0 0.251953 0.869676 0.039844 0.036574
0 0.254036 0.822685 0.045052 0.039815
0 0.294661 0.567130 0.039844 0.037037
0 0.418880 0.579167 0.019010 0.062037
0 0.621875 0.823611 0.022396 0.062037
0 0.615365 0.762269 0.021875 0.066204
0 0.766016 0.842361 0.050260 0.044907
0 0.925651 0.868519 0.047135 0.037963
0 0.899870 0.774074 0.045052 0.037963
0 0.896484 0.745139 0.043490 0.036574
0 0.666927 0.460185 0.026562 0.031481
0 0.694661 0.495833 0.017448 0.045370
0 0.679036 0.400694 0.018490 0.039352
0 0.673307 0.318519 0.016927 0.040741
0 0.655208 0.215741 0.013542 0.022222
0 0.712891 0.226620 0.027865 0.026389
0 0.708594 0.184722 0.028646 0.030556
0 0.702865 0.168056 0.032813 0.026852
0 0.666797 0.084028 0.013802 0.030093
0 0.567708 0.085417 0.011979 0.028241
0 0.630859 0.019907 0.011719 0.023148
