0 0.389193 0.961806 0.029427 0.076389
0 0.496224 0.356713 0.020052 0.056019
0 0.433594 0.118056 0.017188 0.050000
0 0.522005 0.016667 0.016927 0.032407
0 0.688151 0.021065 0.016406 0.041204
0 0.704036 0.076157 0.017969 0.038426
0 0.706120 0.109028 0.016927 0.039352
0 0.730339 0.130556 0.017448 0.044444
0 0.705990 0.172917 0.037500 0.032870
0 0.707682 0.201852 0.020052 0.045370
0 0.713021 0.244676 0.019271 0.042130
0 0.719271 0.294907 0.023438 0.050000
0 0.766406 0.367361 0.021875 0.054167
0 0.730208 0.395370 0.019792 0.043519
0 0.787370 0.487037 0.023698 0.068519
0 0.751823 0.521991 0.032292 0.059722
0 0.748307 0.569676 0.023698 0.057870
0 0.758333 0.654398 0.022917 0.059722
0 0.654297 0.609259 0.022656 0.060185
0 0.702474 0.722222 0.026823 0.070370
0 0.808854 0.667593 0.025000 0.059259
0 0.768490 0.730324 0.025521 0.068056
0 0.812370 0.733796 0.022656 0.070370
0 0.764193 0.791204 0.051302 0.043519
0 0.967708 0.656481 0.029167 0.068519
0 0.761328 0.875463 0.054948 0.044444
0 0.793099 0.923611 0.030469 0.084259
0 0.802214 0.984722 0.024740 0.030556
