0 0.522135 0.945602 0.016667 0.052315
0 0.543620 0.863194 0.015365 0.051389
0 0.512370 0.637500 0.019010 0.078704
0 0.530599 0.626620 0.013281 0.034722
0 0.506510 0.501852 0.011458 0.021296
0 0.487891 0.432407 0.010156 0.021296
0 0.465365 0.406481 0.009375 0.015741
0 0.476823 0.394907 0.009896 0.019444
0 0.448307 0.362731 0.009115 0.016204
0 0.449089 0.342361 0.008594 0.017130
0 0.422266 0.307407 0.008594 0.012037
0 0.371484 0.256481 0.006510 0.011111
0 0.357552 0.233102 0.006771 0.010648
0 0.343490 0.225463 0.006771 0.012037
0 0.342969 0.210880 0.011979 0.019907
0 0.327344 0.182407 0.004167 0.010185
0 0.333724 0.185417 0.004427 0.008796
0 0.336458 0.179167 0.003646 0.008333
0 0.344401 0.164583 0.008594 0.016204
0 0.320312 0.477778 0.007812 0.013889
0 0.311979 0.506713 0.008854 0.018056
