0 0.350781 0.956944 0.029687 0.034259
0 0.360026 0.694907 0.020573 0.029630
0 0.427083 0.755093 0.020833 0.026852
0 0.494141 0.946991 0.020573 0.063426
0 0.461589 0.969444 0.020052 0.061111
0 0.488542 0.748843 0.014583 0.043056
0 0.511068 0.749769 0.014323 0.044907
0 0.511589 0.650000 0.013281 0.031481
0 0.508333 0.518287 0.011458 0.035648
0 0.488281 0.440278 0.008854 0.020370
0 0.481250 0.384259 0.006771 0.015741
0 0.475781 0.342824 0.008333 0.018981
0 0.487109 0.336343 0.008073 0.014352
0 0.476172 0.300231 0.007031 0.012500
0 0.463411 0.271759 0.007552 0.016667
0 0.455859 0.277083 0.007552 0.013426
0 0.445052 0.256019 0.007292 0.011111
0 0.446484 0.244213 0.007031 0.012500
0 0.416797 0.215278 0.015365 0.023148
0 0.408073 0.203935 0.007292 0.010648
0 0.443099 0.719444 0.030990 0.038889
