0 0.339974 0.871991 0.028385 0.073611
0 0.255469 0.672917 0.024479 0.072685
0 0.748958 0.750231 0.023438 0.067130
0 0.712630 0.597222 0.020573 0.066667
0 0.943750 0.715509 0.056771 0.055093
0 0.750391 0.475694 0.017969 0.052315
0 0.743229 0.326389 0.021354 0.050000
0 0.863021 0.360880 0.041667 0.029167
0 0.861849 0.341898 0.039844 0.029167
0 0.944531 0.309954 0.035417 0.031944
0 0.852474 0.300000 0.034635 0.033333
0 0.852214 0.280324 0.037760 0.027315
0 0.934766 0.278935 0.037760 0.030093
0 0.848698 0.257870 0.032292 0.033333
0 0.849219 0.242824 0.037500 0.030093
0 0.841536 0.210185 0.035677 0.035185
0 0.910937 0.192593 0.046875 0.049074
0 0.838672 0.165972 0.035156 0.030093
0 0.834505 0.149537 0.035677 0.027778
0 0.907031 0.142824 0.035937 0.029167
0 0.822396 0.133796 0.028646 0.030556
0 0.823958 0.123380 0.030729 0.023611
0 0.816927 0.068981 0.033333 0.025926
0 0.816667 0.050231 0.033854 0.025463
