0 0.292318 0.580556 0.040885 0.036111
0 0.250391 0.842130 0.045573 0.040741
0 0.248177 0.889120 0.040625 0.038426
0 0.249870 0.918056 0.040885 0.033333
0 0.238021 0.944213 0.046875 0.048611
0 0.622786 0.842130 0.023177 0.062963
0 0.616406 0.779398 0.021875 0.065278
0 0.770052 0.859491 0.048958 0.045833
0 0.931380 0.888194 0.048177 0.042130
0 0.904687 0.791898 0.045833 0.037500
0 0.901042 0.761574 0.044271 0.036111
0 0.696875 0.506944 0.017188 0.044444
0 0.669271 0.469907 0.029167 0.033333
0 0.680729 0.409491 0.017708 0.041204
0 0.674870 0.325231 0.017448 0.042130
0 0.714583 0.232870 0.029167 0.029630
0 0.656120 0.221528 0.014323 0.021759
0 0.710286 0.190046 0.030469 0.031019
0 0.704688 0.172454 0.032292 0.027315
0 0.588932 0.117824 0.021094 0.018981
0 0.668750 0.088657 0.013542 0.029167
0 0.631510 0.023611 0.011979 0.023148
0 0.629167 0.007407 0.012500 0.013889
