0 0.495312 0.971991 0.028125 0.056019
0 0.356771 0.784491 0.036979 0.141204
0 0.671094 0.684028 0.022396 0.066204
0 0.499870 0.125463 0.016406 0.047222
0 0.639844 0.219444 0.020313 0.046296
0 0.638542 0.153241 0.020313 0.045370
0 0.628125 0.087500 0.018750 0.043519
0 0.625000 0.047917 0.018229 0.040278
0 0.622396 0.011343 0.015104 0.021759
0 0.721094 0.018519 0.035417 0.036111
0 0.694271 0.067361 0.017708 0.047685
0 0.696094 0.112963 0.016667 0.044444
0 0.720182 0.285648 0.020573 0.054630
0 0.739844 0.367361 0.020833 0.052315
0 0.744141 0.413426 0.022656 0.055556
0 0.769010 0.453009 0.022396 0.056944
0 0.766927 0.504861 0.044792 0.039352
0 0.749219 0.547222 0.023438 0.062037
0 0.755208 0.609259 0.023958 0.058333
0 0.764844 0.681944 0.028646 0.066667
0 0.826172 0.790741 0.030990 0.078704
0 0.782552 0.837731 0.024479 0.065278
0 0.855469 0.962037 0.031771 0.075926
