0 0.334896 0.219676 0.018750 0.046759
0 0.385807 0.253009 0.018490 0.045833
0 0.418880 0.133102 0.017448 0.038426
0 0.673698 0.099074 0.017708 0.038889
0 0.658203 0.183102 0.019010 0.046759
0 0.764323 0.021065 0.019271 0.038426
0 0.770312 0.055324 0.018750 0.037500
0 0.846354 0.034722 0.032292 0.028704
0 0.916146 0.023611 0.031771 0.028704
0 0.984635 0.021759 0.030729 0.026852
0 0.711068 0.326389 0.022656 0.051852
0 0.738151 0.492824 0.020052 0.052315
0 0.884115 0.567130 0.045312 0.037037
0 0.893490 0.592361 0.047396 0.037500
0 0.901302 0.617824 0.050000 0.038426
0 0.903385 0.641898 0.052083 0.034722
0 0.907422 0.669444 0.056510 0.050926
0 0.982943 0.551620 0.034115 0.043981
0 0.980729 0.600463 0.038542 0.036111
0 0.987500 0.631713 0.024479 0.044907
0 0.779427 0.816667 0.028646 0.072222
0 0.743490 0.841204 0.028646 0.087037
0 0.919401 0.750463 0.046615 0.048148
0 0.936068 0.803009 0.053385 0.047685
0 0.952214 0.862500 0.061198 0.050926
0 0.963411 0.895370 0.049219 0.048148
0 0.971094 0.935417 0.057813 0.053241
0 0.977734 0.984259 0.044531 0.031481
