0 0.395964 0.440509 0.005469 0.010648
0 0.617057 0.975000 0.017448 0.039815
0 0.542318 0.716204 0.011719 0.026852
0 0.522526 0.475926 0.007031 0.019444
0 0.511849 0.461574 0.006510 0.016667
0 0.515234 0.415278 0.005469 0.012037
0 0.500521 0.381481 0.005729 0.012963
0 0.497917 0.353241 0.006250 0.012963
0 0.489063 0.338194 0.006250 0.009722
0 0.479818 0.337037 0.007031 0.011111
0 0.465625 0.314352 0.006771 0.011111
0 0.414193 0.268981 0.007552 0.009259
0 0.401172 0.255093 0.007031 0.009259
0 0.397656 0.260185 0.007292 0.008333
0 0.373568 0.248380 0.007552 0.007870
