0 0.169271 0.987500 0.029687 0.025000
0 0.175781 0.931250 0.032292 0.031019
0 0.181901 0.868519 0.028906 0.029630
0 0.189844 0.822917 0.026042 0.025463
0 0.195703 0.790509 0.028906 0.025463
0 0.273177 0.832407 0.027083 0.023148
0 0.260937 0.938194 0.023438 0.107870
0 0.374609 0.855787 0.012760 0.037500
0 0.380339 0.761343 0.022656 0.025463
0 0.316276 0.478472 0.008594 0.018056
0 0.381380 0.580787 0.017448 0.022685
0 0.435417 0.627315 0.019271 0.023148
0 0.462500 0.758565 0.017708 0.041204
0 0.482161 0.797454 0.017969 0.045833
0 0.491927 0.718981 0.015625 0.041667
0 0.494010 0.558333 0.010937 0.029630
0 0.512760 0.554861 0.013021 0.031019
0 0.511198 0.470139 0.009896 0.025463
0 0.495573 0.465509 0.009375 0.023611
0 0.507682 0.431019 0.008073 0.019444
0 0.501953 0.364583 0.009115 0.020833
0 0.486198 0.324769 0.007292 0.014352
0 0.475911 0.284259 0.007031 0.012963
0 0.467187 0.259722 0.007292 0.014815
0 0.476953 0.257870 0.005990 0.011111
0 0.465234 0.235185 0.006510 0.011111
0 0.451823 0.597454 0.024479 0.031944
