1 0.471354 0.915972 0.021354 0.077315
1 0.504427 0.893056 0.020833 0.079630
1 0.506901 0.663194 0.026823 0.086574
1 0.466406 0.641435 0.022917 0.068981
1 0.425781 0.346991 0.021354 0.085648
1 0.384375 0.344907 0.015625 0.075926
1 0.377474 0.118519 0.017448 0.032407
1 0.354948 0.038657 0.013021 0.069907
1 0.381250 0.042361 0.015625 0.067130
1 0.427344 0.044907 0.015625 0.073148
1 0.416927 0.125231 0.016146 0.079167
1 0.436589 0.119444 0.019531 0.063889
1 0.446615 0.108796 0.014063 0.074074
1 0.432682 0.172685 0.016927 0.068519
1 0.451562 0.212500 0.018750 0.084259
1 0.493880 0.200926 0.020052 0.083333
1 0.506510 0.087037 0.027083 0.068519
1 0.517318 0.325463 0.019010 0.087037
1 0.543620 0.411806 0.017969 0.076389
1 0.551953 0.444676 0.019531 0.076389
1 0.573568 0.467361 0.011719 0.073611
1 0.525000 0.560880 0.027604 0.086574
1 0.594792 0.581481 0.024479 0.045370
1 0.620443 0.816898 0.024219 0.056019
1 0.616016 0.895602 0.026823 0.056019
1 0.586328 0.980556 0.019010 0.038889
1 0.629427 0.980324 0.016667 0.039352
1 0.398047 0.531944 0.015365 0.039815
