0 0.178776 0.980556 0.032552 0.031481
0 0.179036 0.959259 0.027865 0.030556
0 0.185156 0.903472 0.030208 0.031944
0 0.190234 0.843519 0.028385 0.024074
0 0.197266 0.800694 0.025260 0.026389
0 0.203906 0.769907 0.027604 0.024074
0 0.279167 0.809954 0.026042 0.023611
0 0.267969 0.910185 0.023438 0.102778
0 0.377734 0.831713 0.013281 0.035648
0 0.383073 0.742824 0.021354 0.023611
0 0.318099 0.475231 0.007552 0.018981
0 0.383594 0.568750 0.016667 0.020833
0 0.436458 0.614815 0.018750 0.021296
0 0.469141 0.710880 0.015885 0.038426
0 0.486979 0.743519 0.017188 0.041667
0 0.495443 0.673380 0.014844 0.037500
0 0.495182 0.529861 0.011719 0.027315
0 0.513151 0.526620 0.011719 0.028241
0 0.494922 0.442361 0.008594 0.022685
0 0.510417 0.447685 0.009896 0.023148
0 0.506380 0.411806 0.009115 0.018056
0 0.501563 0.349537 0.008854 0.019444
0 0.486068 0.313889 0.007031 0.013889
0 0.474740 0.275463 0.006250 0.012963
0 0.466016 0.251620 0.007031 0.015278
0 0.475391 0.250000 0.006510 0.010185
0 0.464062 0.228472 0.006250 0.010648
0 0.455469 0.912963 0.020833 0.052778
0 0.426823 0.931944 0.022917 0.054630
0 0.452734 0.585880 0.022656 0.033796
