0 0.685937 0.610880 0.019792 0.055093
0 0.692187 0.468519 0.021875 0.058333
0 0.973177 0.558102 0.025521 0.059722
0 0.911068 0.502546 0.024219 0.048611
0 0.940625 0.413426 0.025521 0.046296
0 0.923828 0.354630 0.017969 0.054630
0 0.856510 0.339352 0.045833 0.043519
0 0.680208 0.100231 0.024479 0.105093
0 0.699089 0.033333 0.016406 0.034259
0 0.871484 0.062963 0.028385 0.026852
0 0.865104 0.041435 0.030729 0.024537
0 0.795443 0.057407 0.030469 0.026852
0 0.794531 0.041898 0.032813 0.019907
0 0.793359 0.026157 0.029427 0.025463
0 0.792318 0.015972 0.035156 0.023611
