0 0.405990 0.626157 0.025521 0.081944
0 0.393490 0.244676 0.019271 0.057870
0 0.627344 0.019213 0.015625 0.037500
0 0.628906 0.065278 0.015104 0.037037
0 0.630339 0.102546 0.016927 0.038426
0 0.634115 0.150463 0.017708 0.039815
0 0.638932 0.205093 0.017448 0.040741
0 0.750260 0.220139 0.040625 0.043056
0 0.642188 0.261111 0.020313 0.046296
0 0.721224 0.289583 0.021094 0.058796
0 0.723568 0.345139 0.021094 0.053241
0 0.645443 0.311574 0.021094 0.052778
0 0.657161 0.392130 0.023177 0.054630
0 0.660677 0.486574 0.021875 0.055556
0 0.755990 0.578704 0.023438 0.068519
0 0.781120 0.690278 0.025781 0.063889
0 0.786589 0.753009 0.025260 0.071759
0 0.683854 0.814815 0.024479 0.070370
0 0.803125 0.834259 0.038021 0.070370
0 0.833854 0.869213 0.052083 0.056944
0 0.795443 0.941667 0.030990 0.079630
0 0.498437 0.714815 0.025521 0.079630
0 0.974219 0.068056 0.022396 0.043519
