0 0.433333 0.842361 0.039583 0.039352
0 0.418099 0.887269 0.033073 0.034722
0 0.336589 0.812963 0.028385 0.044444
0 0.512370 0.734028 0.019531 0.059722
0 0.491276 0.584028 0.019531 0.055093
0 0.479427 0.508333 0.011979 0.026852
0 0.480339 0.438194 0.011719 0.025463
0 0.492969 0.424306 0.009375 0.021759
0 0.484245 0.370602 0.008073 0.021759
0 0.463021 0.340278 0.008854 0.016667
0 0.470703 0.331481 0.010156 0.020370
0 0.454167 0.311343 0.008854 0.014352
0 0.456641 0.296065 0.008594 0.016204
0 0.426693 0.257176 0.014844 0.030093
0 0.397135 0.220139 0.007292 0.010648
0 0.378255 0.205556 0.008073 0.013889
0 0.364844 0.201620 0.007292 0.011574
0 0.361589 0.191898 0.007552 0.011574
0 0.345833 0.186574 0.008333 0.011111
0 0.336849 0.173843 0.007552 0.011574
