0 0.373568 0.412731 0.020052 0.053241
0 0.289062 0.377778 0.019792 0.051852
0 0.413411 0.216898 0.016406 0.038426
0 0.664974 0.031250 0.016406 0.030093
0 0.708724 0.286111 0.019010 0.050000
0 0.680990 0.352546 0.019792 0.048611
0 0.732812 0.452546 0.021875 0.048611
0 0.834505 0.338657 0.037760 0.030093
0 0.842318 0.358333 0.040365 0.030556
0 0.847526 0.377546 0.044531 0.030093
0 0.848698 0.394907 0.043750 0.027778
0 0.852214 0.416435 0.048177 0.043056
0 0.927604 0.329167 0.042188 0.036111
0 0.922786 0.366898 0.040365 0.032870
0 0.934766 0.388426 0.045052 0.037037
0 0.941797 0.414583 0.041406 0.031019
0 0.948307 0.442130 0.043490 0.041667
0 0.860547 0.478009 0.041406 0.039352
0 0.873437 0.517361 0.044792 0.040278
0 0.885156 0.562269 0.048438 0.036574
0 0.894271 0.585185 0.041146 0.039815
0 0.901953 0.614583 0.051302 0.045833
0 0.979818 0.529861 0.040365 0.033796
0 0.984245 0.553009 0.031510 0.033796
0 0.985286 0.581944 0.029427 0.038889
0 0.910937 0.657870 0.047917 0.042593
0 0.973307 0.649769 0.032552 0.058796
0 0.770833 0.747454 0.026562 0.068056
0 0.946875 0.802083 0.052604 0.048611
0 0.951042 0.842824 0.053125 0.043056
0 0.974870 0.982407 0.050260 0.035185
