0 0.251172 0.959491 0.027344 0.081019
0 0.291016 0.312963 0.033073 0.102778
0 0.399089 0.039352 0.017969 0.037963
0 0.424870 0.059722 0.016406 0.034259
0 0.640365 0.117130 0.018229 0.042593
0 0.787240 0.035880 0.026562 0.029167
0 0.751172 0.079861 0.027865 0.032870
0 0.692578 0.168750 0.019010 0.039352
0 0.694141 0.251852 0.017448 0.039815
0 0.703516 0.368056 0.021615 0.047222
0 0.680078 0.399537 0.020573 0.052778
0 0.733464 0.548843 0.025781 0.065278
0 0.824479 0.311111 0.020313 0.047222
0 0.909375 0.255787 0.039583 0.031944
0 0.979297 0.240972 0.039323 0.031019
0 0.852214 0.444213 0.024740 0.062500
0 0.863281 0.502315 0.025521 0.056481
0 0.946484 0.402083 0.044010 0.036574
0 0.961589 0.465046 0.046615 0.038426
0 0.758854 0.708333 0.026042 0.063889
