0 0.285286 0.658333 0.024740 0.071296
0 0.348438 0.701157 0.025521 0.065278
0 0.402083 0.385417 0.018229 0.045833
0 0.406510 0.028704 0.016146 0.036111
0 0.705599 0.286111 0.021094 0.049074
0 0.798438 0.178241 0.034375 0.025926
0 0.804688 0.193287 0.036979 0.027315
0 0.810156 0.209259 0.038542 0.028704
0 0.811198 0.223380 0.040104 0.022685
0 0.812370 0.240741 0.042969 0.037037
0 0.881510 0.170370 0.037500 0.033333
0 0.877734 0.199769 0.035677 0.029167
0 0.887370 0.217361 0.040365 0.031944
0 0.893099 0.238889 0.039323 0.026852
0 0.897396 0.260185 0.040104 0.035185
0 0.818880 0.288889 0.038281 0.037963
0 0.830729 0.319213 0.039583 0.036574
0 0.839453 0.354398 0.042448 0.031944
0 0.847005 0.372685 0.036198 0.033333
0 0.852734 0.396296 0.046094 0.038889
0 0.925651 0.329167 0.039323 0.030556
0 0.932031 0.347685 0.037500 0.028704
0 0.936719 0.371991 0.042188 0.035648
0 0.914844 0.425463 0.029167 0.046296
0 0.859896 0.431019 0.041146 0.035185
0 0.733203 0.453935 0.021094 0.047685
0 0.887760 0.542130 0.045833 0.039815
0 0.890755 0.573380 0.045052 0.037500
0 0.909245 0.679861 0.047135 0.036574
0 0.905859 0.699306 0.049219 0.048611
0 0.928776 0.729630 0.049740 0.046296
0 0.937500 0.760648 0.050521 0.046296
0 0.770312 0.720833 0.027083 0.062963
0 0.806901 0.972685 0.029427 0.054630
0 0.950391 0.853241 0.053385 0.058333
0 0.966406 0.919676 0.055729 0.043981
0 0.969661 0.952083 0.050260 0.055093
0 0.975911 0.989815 0.048177 0.020370
