0 0.739193 0.937269 0.037760 0.052315
0 0.677995 0.545833 0.019531 0.014815
0 0.396094 0.802546 0.021875 0.046759
0 0.421875 0.795370 0.022917 0.055556
0 0.462760 0.668287 0.018229 0.035648
0 0.490625 0.576157 0.017708 0.030093
0 0.509896 0.516435 0.016667 0.031019
0 0.473568 0.428472 0.014844 0.013426
0 0.472396 0.458565 0.014583 0.040278
0 0.557422 0.422917 0.012760 0.021759
0 0.575521 0.397685 0.009896 0.022222
0 0.530208 0.342824 0.011458 0.012500
0 0.610026 0.244676 0.005990 0.014352
0 0.618490 0.237731 0.005729 0.011574
0 0.607812 0.296759 0.006771 0.015741
0 0.608854 0.223148 0.005729 0.010185
0 0.616797 0.216667 0.005990 0.010185
0 0.607943 0.209722 0.005469 0.012037
0 0.610026 0.184028 0.005990 0.010648
0 0.600781 0.184028 0.005208 0.010648
0 0.601953 0.167130 0.004948 0.009259
0 0.597005 0.159259 0.004948 0.008333
0 0.590104 0.159491 0.005208 0.007870
0 0.584115 0.143519 0.005729 0.010185
0 0.572266 0.139815 0.005469 0.007407
0 0.533073 0.376389 0.011979 0.013889
0 0.532161 0.412037 0.011198 0.013889
0 0.560156 0.369676 0.007812 0.015278
0 0.097396 0.763426 0.032292 0.021296
0 0.098437 0.747222 0.028646 0.019444
0 0.110026 0.739583 0.028385 0.020833
0 0.113021 0.724537 0.028646 0.018519
0 0.129167 0.691204 0.027083 0.021296
0 0.135286 0.675000 0.025260 0.019444
0 0.232161 0.685648 0.022135 0.019444
