0 0.502865 0.813889 0.027083 0.081481
0 0.366797 0.346296 0.025781 0.074074
0 0.581641 0.118056 0.018490 0.047222
0 0.662500 0.009954 0.016146 0.018981
0 0.675911 0.095370 0.017969 0.043519
0 0.681771 0.140509 0.019792 0.037500
0 0.686328 0.182870 0.019010 0.044444
0 0.695312 0.254630 0.020833 0.049074
0 0.699089 0.301157 0.020573 0.043981
0 0.714844 0.360185 0.021875 0.050926
0 0.751302 0.345602 0.022917 0.060648
0 0.728516 0.513426 0.025260 0.065741
0 0.816406 0.572917 0.040104 0.055093
0 0.834896 0.624769 0.049479 0.058796
0 0.750260 0.723611 0.029687 0.070370
0 0.848307 0.743056 0.049219 0.059259
0 0.889062 0.840278 0.059896 0.045370
0 0.899740 0.873380 0.046875 0.051389
