0 0.351953 0.827546 0.030990 0.089352
0 0.412891 0.443056 0.022656 0.087037
0 0.521354 0.362963 0.022917 0.052778
0 0.643620 0.047222 0.019531 0.038889
0 0.689453 0.051852 0.015365 0.037037
0 0.682943 0.017361 0.017448 0.033796
0 0.717839 0.018981 0.015885 0.032407
0 0.718359 0.053009 0.015365 0.039352
0 0.684896 0.078935 0.036458 0.031019
0 0.680339 0.118750 0.037240 0.031944
0 0.700260 0.137500 0.019792 0.045370
0 0.705599 0.176620 0.018490 0.037500
0 0.708724 0.217824 0.021094 0.053241
0 0.713802 0.262731 0.021354 0.043981
0 0.716276 0.301852 0.020573 0.048148
0 0.729948 0.374306 0.022917 0.056019
0 0.646094 0.417361 0.021354 0.055093
0 0.746615 0.500926 0.020833 0.055556
0 0.745573 0.555787 0.023958 0.059722
0 0.753385 0.625463 0.024479 0.057407
0 0.768229 0.750926 0.024479 0.068519
0 0.795833 0.957407 0.029167 0.077778
0 0.828385 0.017824 0.022917 0.034722
0 0.987109 0.038657 0.025781 0.034722
