0 0.252083 0.776389 0.015625 0.034259
0 0.276823 0.671991 0.011458 0.030093
0 0.540885 0.949537 0.018229 0.053704
0 0.519792 0.743750 0.015104 0.039352
0 0.490755 0.652083 0.012760 0.031019
0 0.507552 0.637731 0.014063 0.032870
0 0.471875 0.550463 0.013021 0.024074
0 0.485547 0.530093 0.011719 0.026852
0 0.457682 0.453472 0.011198 0.019907
0 0.395833 0.356481 0.009375 0.014815
0 0.382422 0.321065 0.009635 0.014352
0 0.360807 0.305787 0.009115 0.015278
0 0.357682 0.285185 0.017448 0.025926
0 0.317318 0.245370 0.005990 0.012037
0 0.325000 0.244444 0.005729 0.010185
0 0.320833 0.234028 0.005208 0.009722
0 0.317708 0.215509 0.006250 0.019907
0 0.321354 0.206481 0.004687 0.008333
0 0.319141 0.192824 0.007552 0.018056
