0 0.501823 0.858565 0.016146 0.043981
0 0.474479 0.737963 0.013542 0.040741
0 0.492708 0.698843 0.014063 0.043056
0 0.469010 0.622454 0.011979 0.029167
0 0.483333 0.586574 0.011979 0.030556
0 0.451172 0.468287 0.017448 0.054167
0 0.458464 0.447917 0.010677 0.025463
0 0.431641 0.380093 0.010156 0.016667
0 0.411068 0.338194 0.010156 0.015278
0 0.392318 0.325000 0.008073 0.012963
0 0.398438 0.313657 0.008854 0.015278
0 0.373047 0.296759 0.008594 0.012037
0 0.366797 0.276389 0.008073 0.012963
0 0.341927 0.254630 0.007812 0.010185
0 0.297396 0.219676 0.006771 0.009722
0 0.287891 0.198380 0.005469 0.008796
0 0.279167 0.193750 0.005208 0.009722
0 0.282682 0.181250 0.007031 0.018981
0 0.287109 0.156944 0.004427 0.007407
0 0.290234 0.162037 0.004948 0.007407
0 0.284635 0.519213 0.008333 0.017130
