0 0.775651 0.900000 0.029948 0.086111
0 0.757812 0.690278 0.027604 0.079630
0 0.722917 0.456250 0.027083 0.063426
0 0.839583 0.543981 0.046875 0.041667
0 0.809375 0.469444 0.044792 0.047222
0 0.798177 0.376620 0.043229 0.049537
0 0.783854 0.334259 0.038021 0.047222
0 0.705859 0.288194 0.022135 0.049537
0 0.694531 0.164352 0.022396 0.051852
0 0.728385 0.153935 0.020313 0.051389
0 0.681901 0.119907 0.017969 0.041667
0 0.678385 0.079861 0.020313 0.042130
0 0.670573 0.023380 0.016667 0.038426
0 0.395313 0.241435 0.019271 0.062500
0 0.473177 0.036574 0.016146 0.040741
0 0.507292 0.986343 0.029687 0.027315
0 0.845964 0.568519 0.030469 0.040741
