0 0.326172 0.445370 0.007031 0.013889
0 0.584505 0.738194 0.017448 0.039352
0 0.573958 0.628241 0.015104 0.029630
0 0.539323 0.562963 0.013021 0.029630
0 0.543099 0.520370 0.026823 0.056481
0 0.475260 0.407176 0.009375 0.018056
0 0.480339 0.393981 0.009635 0.017593
0 0.467448 0.370833 0.009375 0.015741
0 0.449870 0.332407 0.013281 0.026852
0 0.435677 0.323148 0.007292 0.012963
0 0.425000 0.293750 0.008854 0.023611
0 0.431120 0.277546 0.005469 0.014352
0 0.425260 0.253704 0.006771 0.012037
0 0.435807 0.253009 0.006510 0.010648
0 0.440885 0.239815 0.006250 0.011111
