0 0.481250 0.868056 0.019271 0.060185
0 0.492969 0.713194 0.015625 0.041204
0 0.467448 0.704630 0.018229 0.046296
0 0.449870 0.670833 0.016406 0.043519
0 0.494010 0.540972 0.015625 0.032870
0 0.521354 0.528935 0.014063 0.031019
0 0.514453 0.500694 0.013802 0.030093
0 0.540104 0.459491 0.013021 0.022685
0 0.556641 0.390046 0.011719 0.020833
0 0.569010 0.397917 0.013021 0.022685
0 0.599089 0.336343 0.011719 0.017130
0 0.662370 0.276389 0.011719 0.017593
0 0.706641 0.240509 0.009635 0.013426
0 0.726432 0.230787 0.008073 0.011574
0 0.741016 0.216898 0.008073 0.012500
0 0.741536 0.202546 0.006510 0.010648
0 0.752865 0.199537 0.006250 0.012037
0 0.758724 0.187731 0.005469 0.009722
0 0.756771 0.168519 0.005208 0.011111
0 0.760938 0.152315 0.004687 0.009259
0 0.767708 0.153704 0.005208 0.006481
0 0.760286 0.138657 0.004427 0.009722
0 0.753125 0.117361 0.003646 0.007870
0 0.758464 0.591435 0.012240 0.018981
0 0.746615 0.607639 0.014583 0.022685
0 0.738021 0.603009 0.016667 0.019907
0 0.729167 0.595833 0.015625 0.020370
0 0.713151 0.583565 0.015365 0.020833
0 0.736719 0.576157 0.015104 0.021759
0 0.773307 0.512731 0.025260 0.027315
0 0.780339 0.360648 0.014323 0.011111
0 0.737630 0.337963 0.009115 0.011111
0 0.703255 0.296991 0.010156 0.007870
0 0.702083 0.301389 0.011458 0.007407
0 0.702083 0.306019 0.010937 0.009259
0 0.962370 0.422222 0.016406 0.012037
