0 0.225260 0.623611 0.048958 0.049074
0 0.236849 0.594907 0.043490 0.038889
0 0.235807 0.564120 0.041406 0.038426
0 0.237891 0.514120 0.047135 0.040278
0 0.281250 0.229167 0.041146 0.036111
0 0.624349 0.513194 0.023177 0.068056
0 0.618359 0.443750 0.022135 0.069907
0 0.777604 0.532407 0.049479 0.046296
0 0.945052 0.563889 0.048438 0.039815
0 0.918099 0.459954 0.047135 0.037500
0 0.913542 0.427315 0.046354 0.038889
0 0.701432 0.150000 0.019010 0.047222
0 0.671354 0.112269 0.029167 0.031019
0 0.684115 0.046065 0.017188 0.041204
0 0.910547 0.835185 0.026823 0.049074
