0 0.145313 0.979398 0.030729 0.031019
0 0.154427 0.925463 0.029687 0.030556
0 0.163672 0.886806 0.032031 0.031019
0 0.248047 0.935648 0.030990 0.027778
0 0.468359 0.972222 0.021615 0.055556
0 0.359766 0.965278 0.014844 0.044444
0 0.366797 0.849537 0.025781 0.027778
0 0.431380 0.685648 0.022135 0.024074
0 0.371354 0.633102 0.018750 0.024537
0 0.484505 0.712731 0.014844 0.040278
0 0.508073 0.703472 0.014583 0.042130
0 0.494922 0.577546 0.011719 0.028241
0 0.513281 0.580324 0.011458 0.031019
0 0.510807 0.520370 0.010677 0.023148
0 0.504687 0.429861 0.009896 0.025463
0 0.487500 0.376389 0.007812 0.019444
0 0.479818 0.327546 0.007031 0.017130
0 0.471745 0.297222 0.007552 0.018519
0 0.482422 0.292593 0.006510 0.011111
0 0.470573 0.264815 0.006771 0.014815
0 0.448047 0.653935 0.025260 0.031019
