0 0.026693 0.646065 0.027344 0.086574
0 0.061589 0.056944 0.021094 0.052778
0 0.474479 0.177315 0.044792 0.051852
0 0.545312 0.177083 0.049479 0.044907
0 0.607943 0.166667 0.044010 0.044444
0 0.656380 0.098148 0.032031 0.052778
0 0.700260 0.096065 0.029687 0.054167
0 0.698047 0.026157 0.021094 0.048611
0 0.676953 0.193750 0.032552 0.057870
0 0.595703 0.360648 0.032552 0.059259
0 0.529948 0.518750 0.033333 0.069907
0 0.451302 0.714120 0.033333 0.091204
0 0.520052 0.736574 0.033854 0.097222
0 0.553646 0.896296 0.035937 0.092593
0 0.746224 0.907176 0.039323 0.094907
0 0.847135 0.733796 0.057292 0.053704
0 0.938021 0.664352 0.055729 0.054630
