1 0.475260 0.865046 0.023958 0.070833
1 0.491276 0.728472 0.026302 0.081944
1 0.525781 0.685880 0.026562 0.091204
1 0.433984 0.519213 0.019531 0.092130
1 0.451953 0.440972 0.020573 0.087500
1 0.390104 0.520370 0.014583 0.068519
1 0.403646 0.702778 0.017188 0.035185
1 0.383854 0.290046 0.017188 0.031944
1 0.445312 0.370602 0.016146 0.067130
1 0.425260 0.319444 0.017188 0.075926
1 0.441406 0.314120 0.016146 0.056944
1 0.456901 0.308102 0.016927 0.072685
1 0.432682 0.253704 0.016406 0.063889
1 0.369661 0.207176 0.022135 0.068981
1 0.388672 0.211111 0.016406 0.056481
1 0.408594 0.246759 0.017708 0.067593
1 0.492969 0.050926 0.016667 0.075926
1 0.487891 0.217130 0.015365 0.075926
1 0.513281 0.245370 0.021875 0.078704
1 0.522786 0.375231 0.012240 0.080093
1 0.525391 0.442824 0.021094 0.070833
1 0.539453 0.543287 0.020052 0.075463
1 0.554167 0.593981 0.016146 0.073148
1 0.581380 0.637731 0.014844 0.078241
1 0.601432 0.755093 0.022656 0.047222
1 0.623437 0.979630 0.027604 0.040741
