0 0.545573 0.976852 0.016667 0.046296
0 0.517448 0.824306 0.015104 0.045833
0 0.538151 0.776852 0.015365 0.050000
0 0.515495 0.683565 0.012760 0.034722
0 0.530990 0.641204 0.012500 0.033333
0 0.500781 0.502083 0.017708 0.056019
0 0.510938 0.484028 0.010417 0.027315
0 0.486589 0.405556 0.010677 0.019444
0 0.466016 0.357870 0.009635 0.016667
0 0.446875 0.341435 0.008333 0.015278
0 0.454557 0.331019 0.009115 0.016667
0 0.429167 0.309491 0.007812 0.014352
0 0.424740 0.289352 0.008333 0.014815
0 0.400521 0.264815 0.007812 0.011111
0 0.354948 0.226389 0.006771 0.010185
0 0.344531 0.203935 0.005729 0.009722
0 0.334896 0.198148 0.005729 0.011111
0 0.337109 0.186111 0.008594 0.018519
0 0.337760 0.161111 0.004687 0.008333
0 0.341406 0.165741 0.004687 0.008333
0 0.332552 0.506713 0.009375 0.016204
