0 0.006510 0.708796 0.012500 0.085185
0 0.284896 0.065278 0.023438 0.058333
0 0.418099 0.026157 0.045052 0.045833
0 0.494141 0.024074 0.042969 0.038889
0 0.527995 0.126852 0.035677 0.053704
0 0.320703 0.279630 0.026302 0.063889
0 0.432161 0.305556 0.029948 0.057407
0 0.402995 0.472685 0.025260 0.066667
0 0.433594 0.661574 0.034896 0.091667
0 0.465365 0.801389 0.033854 0.088889
0 0.606510 0.622454 0.030729 0.081944
0 0.703255 0.483796 0.051823 0.049074
0 0.788281 0.427778 0.052083 0.049074
0 0.900130 0.397454 0.053385 0.046759
0 0.850130 0.546759 0.050781 0.049074
0 0.862760 0.598843 0.058333 0.058796
0 0.784245 0.755787 0.062240 0.056019
0 0.892708 0.679398 0.054688 0.057870
0 0.905078 0.720139 0.054427 0.057870
0 0.933333 0.800463 0.055729 0.062963
0 0.820182 0.875000 0.062240 0.065741
0 0.673047 0.893056 0.042969 0.115741
0 0.697135 0.971759 0.037500 0.056481
