1 0.472526 0.891204 0.024740 0.074074
1 0.502865 0.871528 0.024479 0.081944
1 0.514323 0.701157 0.023958 0.085648
1 0.464323 0.619444 0.023438 0.074074
1 0.428516 0.341898 0.021615 0.086574
1 0.384635 0.338426 0.016146 0.075926
1 0.379427 0.116667 0.022396 0.040741
1 0.355729 0.038194 0.018229 0.062500
1 0.382031 0.030093 0.019271 0.058333
1 0.428516 0.031481 0.016927 0.062037
1 0.419531 0.111111 0.016667 0.082407
1 0.433854 0.100463 0.013021 0.047222
1 0.446484 0.089583 0.016406 0.076389
1 0.434896 0.158796 0.016146 0.067593
1 0.455990 0.181944 0.020313 0.085185
1 0.507161 0.083102 0.025260 0.072685
1 0.493620 0.208796 0.022656 0.084259
1 0.511849 0.339815 0.019010 0.087037
1 0.548828 0.417361 0.020052 0.063426
1 0.551432 0.452546 0.019531 0.081944
1 0.576042 0.461111 0.015104 0.077778
1 0.528516 0.578935 0.026302 0.093056
1 0.595703 0.575463 0.024219 0.050000
1 0.620964 0.810880 0.026823 0.058796
1 0.630859 0.972454 0.016406 0.055093
1 0.587370 0.977546 0.020052 0.044907
1 0.625000 0.901157 0.022396 0.069907
1 0.399349 0.523611 0.018490 0.039815
