0 0.681380 0.610880 0.021094 0.059722
0 0.688151 0.466898 0.022135 0.056944
0 0.966536 0.531713 0.024740 0.057870
0 0.904948 0.477778 0.025000 0.048148
0 0.935417 0.392593 0.022917 0.046296
0 0.918620 0.333565 0.016406 0.051389
0 0.851302 0.319676 0.045312 0.043056
0 0.868490 0.050231 0.029167 0.029167
0 0.861458 0.029630 0.030208 0.025000
0 0.792708 0.043519 0.030208 0.025000
0 0.793099 0.028935 0.032031 0.021759
0 0.790495 0.013657 0.028906 0.026389
0 0.698047 0.033333 0.016406 0.031481
0 0.677865 0.071991 0.023958 0.099537
