0 0.585677 0.858565 0.014063 0.033796
0 0.530729 0.656944 0.009896 0.024074
0 0.518750 0.447685 0.006771 0.016667
0 0.508464 0.432639 0.005990 0.014352
0 0.508333 0.393981 0.006250 0.012037
0 0.490495 0.361806 0.005469 0.010648
0 0.485547 0.335648 0.005469 0.011111
0 0.475651 0.324074 0.005990 0.009259
0 0.465625 0.321991 0.006250 0.008796
0 0.450000 0.301620 0.005729 0.008796
0 0.394792 0.262037 0.007292 0.007407
0 0.382292 0.250926 0.006771 0.008333
0 0.376693 0.254167 0.007031 0.007407
0 0.352083 0.243287 0.006250 0.006019
0 0.392969 0.466667 0.005208 0.012037
