0 0.480208 0.910417 0.021875 0.065278
0 0.490495 0.740972 0.014844 0.043981
0 0.463932 0.727546 0.017448 0.047685
0 0.444401 0.701852 0.017969 0.047222
0 0.490234 0.553704 0.016406 0.033333
0 0.517578 0.543056 0.015365 0.032407
0 0.511198 0.512963 0.013021 0.033333
0 0.536198 0.468519 0.013021 0.024074
0 0.564453 0.405787 0.013281 0.024537
0 0.551432 0.399537 0.012760 0.020370
0 0.593490 0.341435 0.012500 0.018056
0 0.657682 0.279167 0.012240 0.017593
0 0.702474 0.243519 0.008594 0.012963
0 0.722917 0.232870 0.007812 0.012037
0 0.738411 0.219444 0.008073 0.012037
0 0.739714 0.204630 0.006510 0.009259
0 0.751172 0.201620 0.007031 0.012500
0 0.757422 0.190278 0.005469 0.009259
0 0.755859 0.169907 0.005469 0.011111
0 0.766927 0.155093 0.004687 0.007407
0 0.760286 0.153935 0.004948 0.009722
0 0.760417 0.139815 0.004687 0.010185
0 0.753516 0.118287 0.004427 0.006944
0 0.735417 0.335185 0.007812 0.011111
0 0.779557 0.359954 0.014323 0.011574
0 0.772917 0.511806 0.025000 0.026389
0 0.758073 0.591435 0.012500 0.020833
0 0.736458 0.575463 0.015104 0.022222
0 0.712760 0.583102 0.015104 0.020833
0 0.729036 0.595833 0.015885 0.019444
0 0.737500 0.602315 0.016146 0.019444
0 0.746224 0.606713 0.014844 0.023611
0 0.702865 0.296528 0.010937 0.006944
0 0.701953 0.300926 0.011719 0.007407
0 0.702214 0.305787 0.010156 0.008796
0 0.948438 0.416898 0.015104 0.011574
