0 0.215365 0.856481 0.032292 0.080556
0 0.341016 0.198611 0.019010 0.045370
0 0.707552 0.043981 0.017708 0.037037
0 0.809896 0.032176 0.033854 0.026389
0 0.811198 0.050000 0.033854 0.027778
0 0.817578 0.101852 0.029427 0.023148
0 0.816406 0.113194 0.029687 0.031019
0 0.827604 0.128009 0.034896 0.028241
0 0.830859 0.142824 0.036198 0.028241
0 0.898568 0.122222 0.035677 0.027778
0 0.834375 0.186111 0.034896 0.033333
0 0.901693 0.168750 0.046615 0.047685
0 0.840755 0.217824 0.037760 0.029167
0 0.841146 0.231944 0.032813 0.032407
0 0.844401 0.254167 0.037240 0.026852
0 0.845182 0.273148 0.035677 0.031481
0 0.925260 0.252315 0.037500 0.030556
0 0.934766 0.282639 0.034635 0.030093
0 0.853125 0.312500 0.039583 0.025926
0 0.854688 0.331713 0.040625 0.031944
0 0.710417 0.373843 0.018750 0.038426
0 0.748047 0.463194 0.018490 0.055093
0 0.746745 0.615972 0.019531 0.057870
0 0.701953 0.713426 0.034115 0.182407
0 0.931771 0.670833 0.054688 0.051852
0 0.734766 0.958333 0.026302 0.075926
