0 0.482031 0.850000 0.018229 0.054630
0 0.469010 0.711111 0.017188 0.043519
0 0.497396 0.681019 0.016146 0.044444
0 0.511328 0.526852 0.015365 0.028704
0 0.573307 0.390972 0.012760 0.022685
0 0.629297 0.325463 0.011719 0.017593
0 0.668229 0.302546 0.010937 0.016204
0 0.689974 0.282870 0.010677 0.014815
0 0.697917 0.264583 0.009375 0.014352
0 0.714714 0.258333 0.009635 0.014815
0 0.728646 0.245370 0.008854 0.012963
0 0.744661 0.213426 0.007031 0.012037
0 0.756901 0.206713 0.006510 0.011574
0 0.755339 0.195139 0.005990 0.010648
0 0.758984 0.178009 0.004948 0.010648
0 0.764583 0.145370 0.004687 0.007407
0 0.707161 0.307870 0.011198 0.007407
0 0.705729 0.312500 0.011979 0.006481
0 0.705990 0.316204 0.013021 0.007407
0 0.787370 0.376852 0.015365 0.011111
0 0.811458 0.367824 0.011979 0.012500
0 0.784635 0.545833 0.026562 0.029630
0 0.771875 0.636343 0.015104 0.023611
0 0.747396 0.617361 0.016146 0.023611
0 0.722135 0.625694 0.015104 0.021759
0 0.739974 0.639815 0.016927 0.022222
0 0.748958 0.647454 0.017188 0.023611
0 0.758594 0.653009 0.016146 0.025463
0 0.802083 0.348843 0.011979 0.011574
