0 0.049349 0.203704 0.022135 0.060185
0 0.420443 0.099537 0.040885 0.050000
0 0.516146 0.117593 0.048438 0.042593
0 0.577474 0.110417 0.045052 0.040278
0 0.621615 0.058333 0.033854 0.049074
0 0.660417 0.063889 0.030729 0.050926
0 0.638932 0.153241 0.032552 0.054630
0 0.551042 0.325926 0.032813 0.055556
0 0.394661 0.453704 0.028385 0.074074
0 0.487500 0.490509 0.029687 0.071759
0 0.496875 0.698380 0.034375 0.092130
0 0.468620 0.850463 0.036198 0.092593
0 0.530729 0.846296 0.033333 0.091667
0 0.704818 0.796065 0.035156 0.087500
0 0.804036 0.637037 0.055469 0.051852
0 0.892188 0.573148 0.053646 0.051852
0 0.964063 0.709028 0.054688 0.053241
0 0.973958 0.768750 0.052083 0.060648
0 0.902734 0.948148 0.066406 0.060185
