0 0.341146 0.921759 0.027083 0.059259
0 0.388151 0.858102 0.023177 0.054167
0 0.274609 0.665278 0.021615 0.020370
0 0.272656 0.655093 0.020833 0.017593
0 0.274089 0.626389 0.021094 0.019444
0 0.272656 0.595602 0.020833 0.016204
0 0.276172 0.570602 0.017448 0.016204
0 0.280859 0.554398 0.016927 0.015278
0 0.338281 0.576620 0.019792 0.016204
0 0.335547 0.628472 0.020052 0.059722
0 0.413151 0.589120 0.010156 0.021759
0 0.414193 0.540278 0.016406 0.016667
0 0.447526 0.470370 0.011198 0.016667
0 0.360807 0.433102 0.009115 0.014352
0 0.409245 0.434954 0.013281 0.016204
0 0.467057 0.534491 0.013281 0.026389
0 0.496354 0.415509 0.008854 0.018981
0 0.509635 0.404630 0.008333 0.018519
0 0.498828 0.357870 0.007031 0.014815
0 0.511849 0.357870 0.008073 0.015741
0 0.503646 0.336343 0.007292 0.015278
0 0.495182 0.288889 0.006510 0.013889
0 0.507812 0.288889 0.006771 0.014815
0 0.491146 0.250926 0.006250 0.011111
0 0.502083 0.256944 0.006250 0.012963
0 0.498958 0.243519 0.005729 0.010185
0 0.489583 0.216898 0.006771 0.012500
0 0.474349 0.202546 0.005990 0.009722
0 0.602604 0.728241 0.023438 0.020370
