0 0.591146 0.907870 0.019792 0.045370
0 0.533464 0.563657 0.011198 0.027315
0 0.521224 0.553704 0.010156 0.029630
0 0.525911 0.482870 0.009115 0.027778
0 0.513542 0.443287 0.008333 0.022685
0 0.519141 0.408102 0.007552 0.018056
0 0.514323 0.389583 0.006250 0.014352
0 0.505208 0.389120 0.006771 0.015278
0 0.496484 0.358102 0.007552 0.015278
0 0.458854 0.301157 0.006771 0.012500
0 0.444792 0.287963 0.007812 0.012037
0 0.441276 0.277083 0.007552 0.010648
0 0.424219 0.272222 0.007292 0.011111
0 0.399740 0.389815 0.005729 0.012963
