0 0.348828 0.982639 0.025781 0.034722
0 0.393099 0.964120 0.026302 0.071759
0 0.365885 0.606019 0.023438 0.076852
0 0.492969 0.519213 0.023438 0.065278
0 0.647266 0.568981 0.023698 0.061111
0 0.680078 0.462963 0.023177 0.058333
0 0.426432 0.199537 0.019531 0.053704
0 0.522266 0.102083 0.017969 0.043981
0 0.689193 0.045139 0.019010 0.038426
0 0.693490 0.081481 0.016667 0.036111
0 0.698568 0.122222 0.019010 0.040741
0 0.741016 0.181481 0.019531 0.047222
0 0.707552 0.204861 0.017708 0.036574
0 0.758203 0.276389 0.021094 0.055556
0 0.725521 0.305556 0.028125 0.047222
0 0.722656 0.343056 0.021875 0.046296
0 0.729427 0.410648 0.020833 0.050000
0 0.775000 0.420370 0.020833 0.049074
0 0.738411 0.467593 0.021094 0.052778
0 0.776693 0.473380 0.019010 0.054167
0 0.732292 0.515741 0.044792 0.038889
0 0.730078 0.583796 0.046615 0.040741
0 0.757292 0.619907 0.025521 0.067593
0 0.766536 0.685417 0.026823 0.064352
0 0.773828 0.755093 0.029427 0.085185
0 0.780469 0.832870 0.030208 0.075000
0 0.786458 0.904630 0.027083 0.078704
0 0.915495 0.411574 0.027344 0.056481
0 0.672656 0.016898 0.033333 0.026389
