0 0.634245 0.622454 0.023177 0.071759
0 0.523698 0.541204 0.023438 0.062037
0 0.405339 0.050000 0.019010 0.048148
0 0.650521 0.273843 0.026562 0.045833
0 0.683854 0.017593 0.018229 0.034259
0 0.687240 0.045833 0.018229 0.039815
0 0.688932 0.078241 0.016406 0.043519
0 0.699740 0.132176 0.019271 0.046759
0 0.712630 0.228009 0.018490 0.044907
0 0.710547 0.266898 0.020573 0.047685
0 0.716927 0.320370 0.019792 0.049074
0 0.727344 0.409954 0.020313 0.049537
0 0.747005 0.557176 0.023698 0.056019
0 0.756641 0.631944 0.024740 0.055556
0 0.763151 0.699769 0.025781 0.066204
0 0.777214 0.816204 0.027344 0.072222
0 0.784896 0.891667 0.026562 0.073148
0 0.807943 0.974306 0.027865 0.051389
0 0.855859 0.961806 0.032552 0.076389
