0 0.498958 0.936343 0.021875 0.081944
0 0.536328 0.926620 0.026302 0.086574
0 0.406641 0.705324 0.027344 0.080093
0 0.395182 0.315278 0.026823 0.100000
0 0.428516 0.301157 0.020573 0.056944
0 0.505339 0.335417 0.022656 0.055093
0 0.446224 0.017361 0.017448 0.033796
0 0.628906 0.020833 0.015104 0.038889
0 0.615495 0.192130 0.019010 0.050000
0 0.651823 0.295370 0.021354 0.056481
0 0.660156 0.413657 0.020313 0.056019
0 0.635286 0.498611 0.021094 0.061111
0 0.667188 0.518981 0.022396 0.060185
0 0.673047 0.609954 0.023698 0.062500
0 0.681120 0.704630 0.023177 0.065741
0 0.827734 0.731250 0.052344 0.057870
0 0.688281 0.798843 0.026042 0.075463
0 0.792578 0.851157 0.028906 0.093056
0 0.693229 0.884028 0.029167 0.085648
0 0.798828 0.943519 0.029948 0.086111
0 0.710677 0.981713 0.029687 0.036574
