0 0.394922 0.980324 0.024740 0.039352
0 0.421224 0.847685 0.026823 0.061111
0 0.456380 0.692130 0.019531 0.039815
0 0.478255 0.685880 0.019531 0.047685
0 0.513932 0.593519 0.016406 0.031481
0 0.546484 0.514583 0.015885 0.023611
0 0.559505 0.469907 0.015365 0.026852
0 0.513281 0.413194 0.014583 0.010648
0 0.511979 0.440972 0.014063 0.038426
0 0.569922 0.333333 0.010677 0.011111
0 0.601823 0.392361 0.011458 0.019907
0 0.618620 0.369676 0.009635 0.019907
0 0.648698 0.279861 0.006771 0.015278
0 0.649740 0.231250 0.005729 0.012500
0 0.658594 0.225000 0.005729 0.012037
0 0.656510 0.206019 0.005729 0.008333
0 0.649479 0.212731 0.005729 0.009722
0 0.648307 0.200231 0.005469 0.011574
0 0.649089 0.175926 0.005990 0.010185
0 0.640625 0.175231 0.005208 0.009722
0 0.641146 0.160185 0.005208 0.009259
0 0.635547 0.152546 0.004948 0.007870
0 0.628125 0.151852 0.005208 0.007407
0 0.622266 0.137500 0.005469 0.009259
0 0.611589 0.134954 0.005469 0.006944
0 0.764974 0.898380 0.034635 0.050463
0 0.713151 0.532407 0.019010 0.016667
0 0.582292 0.371991 0.011458 0.012500
0 0.569922 0.398611 0.010677 0.010185
0 0.196224 0.623148 0.023698 0.016667
0 0.191536 0.637037 0.024740 0.018519
0 0.177083 0.665741 0.025521 0.017593
0 0.174609 0.678472 0.025260 0.018056
0 0.164193 0.684259 0.026302 0.016667
0 0.164323 0.698148 0.028125 0.019444
