0 0.292187 0.334259 0.030729 0.091667
0 0.334896 0.199306 0.018750 0.048611
0 0.393750 0.129861 0.018750 0.044907
0 0.422917 0.085185 0.017708 0.037963
0 0.635807 0.033796 0.016406 0.034259
0 0.667057 0.045602 0.016927 0.032870
0 0.675130 0.111111 0.015885 0.033333
0 0.687630 0.221065 0.019531 0.038426
0 0.783594 0.113426 0.017708 0.039815
0 0.860026 0.070833 0.034115 0.027778
0 0.922526 0.059259 0.034635 0.025926
0 0.951432 0.112037 0.035156 0.028704
0 0.956120 0.134722 0.036198 0.030556
0 0.964714 0.167130 0.034635 0.026852
0 0.969141 0.185417 0.036198 0.030093
0 0.886849 0.184028 0.039323 0.028241
0 0.805208 0.213426 0.020833 0.049074
0 0.812760 0.257176 0.022396 0.045833
0 0.900260 0.231019 0.040104 0.029630
0 0.979297 0.217593 0.037760 0.033333
0 0.720052 0.424306 0.023438 0.058796
0 0.745964 0.582176 0.023177 0.055093
0 0.719010 0.684954 0.021354 0.046759
0 0.795703 0.940741 0.025260 0.071296
0 0.968490 0.971065 0.056771 0.045833
