0 0.463802 0.976389 0.017188 0.047222
0 0.482422 0.756250 0.013802 0.051389
0 0.500781 0.688657 0.012500 0.035648
0 0.494661 0.567824 0.010677 0.027315
0 0.472526 0.506250 0.010677 0.026389
0 0.485938 0.490741 0.011458 0.032407
0 0.464453 0.448843 0.010156 0.020833
0 0.473307 0.426157 0.009635 0.021759
0 0.441667 0.355324 0.017188 0.038426
0 0.443880 0.338426 0.009635 0.016667
0 0.417448 0.296065 0.008333 0.013426
0 0.397526 0.269676 0.008073 0.012500
0 0.381510 0.262500 0.008333 0.012037
0 0.383073 0.251389 0.007812 0.012963
0 0.361589 0.241204 0.008594 0.011111
0 0.351953 0.224769 0.007552 0.011574
0 0.329688 0.207176 0.007292 0.009722
0 0.296094 0.182176 0.005208 0.007870
0 0.294531 0.166204 0.004167 0.006481
0 0.288151 0.162037 0.004427 0.008333
0 0.296094 0.151852 0.007812 0.015741
0 0.296224 0.512269 0.009635 0.017130
