0 0.259115 0.884491 0.027604 0.081944
0 0.354948 0.626852 0.025521 0.065741
0 0.404427 0.346759 0.016146 0.040741
0 0.705339 0.286111 0.020573 0.050926
0 0.805859 0.212269 0.035677 0.026389
0 0.812891 0.227778 0.037760 0.028704
0 0.818359 0.244676 0.040365 0.028241
0 0.819531 0.259722 0.041146 0.024074
0 0.820052 0.276852 0.043750 0.038889
0 0.891797 0.204398 0.037240 0.032870
0 0.886849 0.235880 0.037240 0.027315
0 0.897135 0.253935 0.040625 0.031019
0 0.903385 0.275463 0.039583 0.025000
0 0.907422 0.298843 0.040885 0.036574
0 0.826302 0.328009 0.039062 0.037500
0 0.838672 0.361111 0.041406 0.037037
0 0.848307 0.397685 0.044531 0.034259
0 0.857161 0.416435 0.036719 0.034722
0 0.862760 0.441667 0.046875 0.041667
0 0.870313 0.477315 0.044271 0.036111
0 0.733724 0.455556 0.021094 0.049074
0 0.937240 0.371065 0.039062 0.031019
0 0.944271 0.389815 0.038542 0.030556
0 0.948698 0.415278 0.043229 0.036111
0 0.927083 0.471759 0.028646 0.050000
0 0.900000 0.593981 0.046354 0.040741
0 0.903255 0.628241 0.048177 0.036111
0 0.771224 0.728241 0.027344 0.062963
0 0.923177 0.741898 0.047917 0.036574
0 0.920573 0.762963 0.051562 0.050000
0 0.944010 0.795602 0.050521 0.047685
0 0.952214 0.827778 0.052344 0.049074
0 0.966927 0.926389 0.055729 0.060185
0 0.808854 0.976389 0.029167 0.047222
0 0.978125 0.986343 0.043750 0.027315
