0 0.510938 0.915972 0.016667 0.048611
0 0.481771 0.778935 0.015104 0.043981
0 0.502083 0.736806 0.014583 0.049537
0 0.477604 0.652778 0.013021 0.029630
0 0.492318 0.612963 0.013281 0.032407
0 0.460026 0.485417 0.017969 0.054167
0 0.468880 0.466667 0.010677 0.024074
0 0.441927 0.393287 0.009896 0.016204
0 0.421484 0.348380 0.010156 0.015278
0 0.408594 0.323380 0.009375 0.015278
0 0.401693 0.334491 0.008073 0.012500
0 0.383073 0.304167 0.008854 0.012963
0 0.377604 0.284028 0.007812 0.014352
0 0.352474 0.260417 0.008594 0.011574
0 0.306250 0.223843 0.007292 0.011574
0 0.295964 0.203009 0.005469 0.008796
0 0.286719 0.197685 0.004687 0.010185
0 0.289323 0.185417 0.007812 0.019907
0 0.291927 0.160185 0.004687 0.009259
0 0.295182 0.165046 0.004948 0.007870
0 0.291016 0.517130 0.008594 0.017593
