0 0.553776 0.869444 0.042969 0.110185
0 0.634115 0.635417 0.028125 0.061574
0 0.687760 0.412731 0.022917 0.053241
0 0.717318 0.294676 0.022135 0.045833
0 0.714323 0.219676 0.018750 0.040278
0 0.763932 0.147222 0.021094 0.034259
0 0.808464 0.175231 0.019010 0.029167
0 0.811719 0.024074 0.017708 0.030556
0 0.620833 0.123380 0.023958 0.031019
0 0.580469 0.094444 0.022917 0.028704
0 0.574349 0.063657 0.018490 0.030093
0 0.549089 0.038426 0.021094 0.036111
0 0.548438 0.017130 0.019792 0.033333
0 0.945703 0.483333 0.028906 0.051852
