1 0.468359 0.957407 0.013802 0.082407
1 0.446354 0.935417 0.020833 0.056019
1 0.429818 0.929398 0.022656 0.057870
1 0.563542 0.897454 0.025000 0.072685
1 0.502214 0.708333 0.019531 0.069444
1 0.542969 0.664583 0.016146 0.076389
1 0.474740 0.703704 0.025000 0.070370
1 0.452865 0.668750 0.012500 0.077315
1 0.495964 0.540278 0.015885 0.068519
1 0.480078 0.533565 0.016406 0.073611
1 0.463542 0.401157 0.014583 0.071759
1 0.491276 0.396759 0.016406 0.067593
1 0.533203 0.371991 0.017969 0.071759
1 0.558333 0.371296 0.010937 0.067593
1 0.464453 0.510880 0.015365 0.080093
1 0.425130 0.429398 0.019010 0.035648
1 0.501302 0.284954 0.011458 0.052315
1 0.481510 0.276157 0.013542 0.063426
1 0.480208 0.222454 0.015104 0.051389
1 0.455208 0.188657 0.017708 0.065278
1 0.501042 0.078241 0.015625 0.059259
1 0.494010 0.058796 0.014583 0.055556
1 0.584245 0.270370 0.011719 0.051852
1 0.603125 0.263426 0.014063 0.042593
1 0.672135 0.229398 0.010937 0.048611
1 0.708203 0.262037 0.024219 0.073148
1 0.678516 0.271296 0.013802 0.057407
1 0.871615 0.340741 0.016146 0.048148
1 0.588281 0.849074 0.016146 0.072222
