0 0.222526 0.862963 0.045573 0.179630
0 0.425781 0.051157 0.016667 0.038426
0 0.350391 0.028472 0.018490 0.042130
0 0.648698 0.012731 0.022917 0.024537
0 0.711328 0.072454 0.034115 0.037500
0 0.816927 0.095370 0.037500 0.028704
0 0.878385 0.078241 0.029167 0.037037
0 0.920833 0.021528 0.026042 0.042130
0 0.847786 0.131713 0.028385 0.034722
0 0.815885 0.176157 0.030729 0.037500
0 0.733984 0.280093 0.029948 0.046296
0 0.714714 0.387037 0.019010 0.043519
0 0.673307 0.395833 0.020573 0.053704
0 0.720573 0.512269 0.024479 0.055093
0 0.864062 0.500926 0.024479 0.055556
0 0.956901 0.432639 0.044531 0.036574
0 0.749609 0.683102 0.027865 0.070833
0 0.775911 0.835417 0.025781 0.068056
0 0.733854 0.850231 0.027604 0.077315
0 0.899349 0.672222 0.030469 0.076852
0 0.912500 0.740046 0.029687 0.066204
0 0.988542 0.615278 0.022917 0.041667
