0 0.180729 0.945370 0.055729 0.057407
0 0.194922 0.906019 0.048698 0.043519
0 0.194271 0.866435 0.050000 0.047685
0 0.198568 0.796759 0.053906 0.048148
0 0.253385 0.437037 0.048438 0.042593
0 0.640104 0.802315 0.028125 0.083333
0 0.632031 0.713657 0.025521 0.084722
0 0.814063 0.827778 0.058854 0.056481
0 0.973177 0.731250 0.053646 0.045833
0 0.968750 0.692130 0.053125 0.044444
0 0.722396 0.339352 0.020313 0.055556
0 0.689583 0.292593 0.031250 0.038889
0 0.703125 0.209028 0.020313 0.049537
0 0.694010 0.099074 0.018750 0.048148
0 0.229948 0.633565 0.047396 0.042130
