0 0.615755 0.967130 0.021094 0.046296
0 0.539583 0.586806 0.009896 0.028241
0 0.526172 0.581944 0.010677 0.027778
0 0.528906 0.499074 0.009896 0.024074
0 0.516276 0.464352 0.008594 0.018519
0 0.523438 0.424306 0.007292 0.018056
0 0.520964 0.404630 0.007031 0.014815
0 0.510677 0.404398 0.006771 0.016204
0 0.504818 0.371528 0.007031 0.015278
0 0.399870 0.365278 0.006510 0.013889
0 0.474089 0.310648 0.007552 0.012037
0 0.461328 0.294907 0.007552 0.011111
0 0.456380 0.281481 0.007031 0.011111
0 0.442448 0.278704 0.007292 0.009259
