0 0.452604 0.898843 0.031771 0.168981
0 0.492839 0.704861 0.017448 0.043981
0 0.483203 0.607407 0.016927 0.039815
0 0.508073 0.602083 0.014583 0.033796
0 0.480469 0.545139 0.016146 0.033796
0 0.515495 0.481250 0.014844 0.028241
0 0.533203 0.446759 0.012760 0.026852
0 0.542057 0.467130 0.014844 0.025926
0 0.561458 0.416667 0.012500 0.020370
0 0.592839 0.365278 0.012760 0.021296
0 0.586979 0.351852 0.011458 0.019444
0 0.625521 0.313657 0.011458 0.015278
0 0.686458 0.261806 0.011979 0.016204
0 0.723437 0.229167 0.009375 0.011111
0 0.739323 0.220139 0.008854 0.012500
0 0.750130 0.206944 0.007031 0.011111
0 0.748958 0.194676 0.004687 0.007870
0 0.758594 0.190741 0.005729 0.011111
0 0.762630 0.178704 0.004427 0.008333
0 0.758464 0.163194 0.005469 0.010648
0 0.762109 0.147222 0.005469 0.009259
0 0.768099 0.146065 0.004427 0.007870
0 0.759375 0.134722 0.004687 0.008333
0 0.748177 0.115741 0.004687 0.006481
0 0.758984 0.591898 0.012240 0.019907
0 0.746484 0.610417 0.014844 0.021759
0 0.738021 0.603935 0.016146 0.021759
0 0.729557 0.597222 0.015365 0.020370
0 0.713542 0.585880 0.015104 0.020833
0 0.737370 0.577778 0.014844 0.020370
0 0.773698 0.514352 0.025521 0.028704
0 0.749349 0.354398 0.009635 0.015278
0 0.780078 0.362963 0.013281 0.012963
