0 0.546484 0.978704 0.020052 0.042593
0 0.521615 0.852083 0.016667 0.044907
0 0.541276 0.787269 0.015365 0.046759
0 0.510156 0.592824 0.018229 0.072685
0 0.525130 0.576852 0.013281 0.034259
0 0.501042 0.470370 0.010417 0.020370
0 0.482552 0.408102 0.009375 0.017130
0 0.460417 0.385880 0.008854 0.016204
0 0.470703 0.374306 0.009635 0.018056
0 0.443359 0.345602 0.009115 0.014352
0 0.442448 0.324769 0.007812 0.015278
0 0.416797 0.293981 0.009115 0.012037
0 0.367057 0.247222 0.008073 0.011111
0 0.353255 0.224306 0.007552 0.010648
0 0.340234 0.216435 0.006510 0.010648
0 0.340495 0.202315 0.011198 0.019444
0 0.329818 0.175694 0.004427 0.008796
0 0.335417 0.179630 0.004167 0.009259
0 0.339453 0.172222 0.004427 0.008333
0 0.325651 0.484722 0.007552 0.013889
0 0.312109 0.483796 0.007552 0.016667
