0 0.264714 0.586574 0.027865 0.064815
0 0.363672 0.061343 0.017448 0.039352
0 0.725260 0.986343 0.025521 0.027315
0 0.740495 0.646065 0.020052 0.057870
0 0.701172 0.576852 0.031510 0.163889
0 0.745703 0.496065 0.019531 0.056944
0 0.990104 0.852546 0.019792 0.063426
0 0.922005 0.627315 0.052865 0.052778
0 0.848828 0.300463 0.040885 0.029630
0 0.847917 0.283565 0.038021 0.030093
0 0.839583 0.244676 0.033854 0.031944
0 0.838542 0.228472 0.037500 0.027315
0 0.834896 0.205556 0.031250 0.031481
0 0.835938 0.192130 0.035937 0.029630
0 0.706510 0.269907 0.016146 0.037037
0 0.828776 0.162037 0.034635 0.033333
0 0.926693 0.254167 0.032552 0.029630
0 0.917969 0.225231 0.034896 0.030093
0 0.895312 0.144676 0.044792 0.046759
0 0.825911 0.120139 0.035156 0.028241
0 0.892708 0.099769 0.034375 0.030093
0 0.822396 0.105093 0.034375 0.026852
0 0.811589 0.091667 0.029427 0.027778
0 0.812760 0.081713 0.031250 0.024537
0 0.806380 0.031019 0.032031 0.025926
0 0.805859 0.013657 0.032552 0.022685
0 0.707422 0.052778 0.015885 0.034259
