0 0.489193 0.609954 0.021615 0.067130
0 0.413802 0.540046 0.023438 0.069907
0 0.372396 0.627083 0.023438 0.073611
0 0.385417 0.318519 0.019792 0.061111
0 0.670703 0.357407 0.022135 0.050000
0 0.646875 0.544444 0.022396 0.057407
0 0.521615 0.152778 0.017708 0.042593
0 0.684896 0.014583 0.016146 0.028241
0 0.689844 0.049306 0.018750 0.037500
0 0.730469 0.103241 0.019271 0.043519
0 0.745182 0.189120 0.020573 0.050463
0 0.714844 0.216204 0.027083 0.044444
0 0.711328 0.248611 0.019010 0.042593
0 0.717578 0.309954 0.019010 0.043981
0 0.760807 0.318287 0.018490 0.043056
0 0.726302 0.361343 0.019271 0.045833
0 0.762109 0.365509 0.016927 0.047685
0 0.720313 0.404398 0.043750 0.033796
0 0.717578 0.463889 0.044010 0.037037
0 0.742448 0.494213 0.022917 0.060648
0 0.751302 0.553472 0.024479 0.059722
0 0.756380 0.615046 0.026823 0.078241
0 0.762891 0.681944 0.026823 0.064815
0 0.767969 0.744676 0.024479 0.068981
0 0.788021 0.856713 0.028646 0.075463
0 0.893229 0.310648 0.025521 0.051852
0 0.987240 0.727315 0.025521 0.070370
0 0.698958 0.123843 0.016146 0.034722
