0 0.285547 0.597454 0.024740 0.069907
0 0.357031 0.059491 0.018229 0.035648
0 0.430208 0.039815 0.016146 0.035185
0 0.633333 0.031250 0.015625 0.040278
0 0.638021 0.128241 0.018750 0.041667
0 0.717578 0.018287 0.037240 0.034722
0 0.653516 0.263194 0.019531 0.048611
0 0.723437 0.242361 0.039062 0.054167
0 0.808984 0.289120 0.041927 0.036574
0 0.888411 0.281481 0.039844 0.037963
0 0.883984 0.053472 0.029948 0.035648
0 0.894141 0.093056 0.033073 0.041667
0 0.912630 0.085417 0.028385 0.035648
0 0.953906 0.092130 0.053125 0.098148
0 0.944922 0.150231 0.023177 0.037500
0 0.955339 0.222917 0.024219 0.045833
0 0.938672 0.282176 0.026302 0.041204
0 0.915104 0.331019 0.032292 0.046296
0 0.829036 0.459954 0.037760 0.051389
0 0.757161 0.604167 0.023177 0.054630
0 0.753385 0.751852 0.027083 0.069444
0 0.783594 0.937037 0.031250 0.086111
0 0.935156 0.837731 0.029167 0.073611
