0 0.241406 0.923380 0.047917 0.046759
0 0.252604 0.898148 0.041667 0.038889
0 0.251432 0.869676 0.039844 0.036574
0 0.253776 0.824769 0.043490 0.040278
0 0.294922 0.566898 0.041406 0.034722
0 0.420573 0.534954 0.020833 0.059722
0 0.621484 0.825231 0.023698 0.064352
0 0.615365 0.762269 0.020833 0.068056
0 0.765755 0.841667 0.050260 0.044444
0 0.924740 0.868056 0.046875 0.041667
0 0.899740 0.775463 0.046875 0.038889
0 0.896224 0.746296 0.044010 0.036111
0 0.666797 0.459954 0.027865 0.032870
0 0.695312 0.496065 0.017188 0.044907
0 0.678776 0.400231 0.017969 0.039352
0 0.673177 0.318287 0.016667 0.041204
0 0.654687 0.214815 0.011979 0.021296
0 0.712370 0.225926 0.027344 0.027778
0 0.708464 0.184491 0.028906 0.029167
0 0.703255 0.167130 0.032552 0.027778
0 0.667188 0.083796 0.013542 0.029630
0 0.566927 0.081019 0.014063 0.029630
0 0.630990 0.019907 0.011458 0.025000
