0 0.286068 0.656019 0.024219 0.070370
0 0.389844 0.181250 0.017188 0.043981
0 0.421354 0.103935 0.015625 0.036574
0 0.321875 0.099306 0.026562 0.073611
0 0.668099 0.051852 0.015885 0.032407
0 0.767448 0.032639 0.017188 0.036574
0 0.680469 0.162731 0.020313 0.038426
0 0.785547 0.119444 0.020573 0.044444
0 0.792188 0.158565 0.021354 0.038426
0 0.863932 0.094907 0.037240 0.026852
0 0.873958 0.134954 0.038021 0.028241
0 0.924870 0.030093 0.033073 0.026852
0 0.928385 0.052315 0.036458 0.025926
0 0.937240 0.079167 0.033333 0.024074
0 0.939323 0.095833 0.034375 0.025926
0 0.949219 0.124537 0.034375 0.031481
0 0.715104 0.377083 0.023958 0.055093
0 0.687370 0.428704 0.023698 0.057407
0 0.741406 0.539583 0.022917 0.055093
0 0.925521 0.767824 0.052083 0.042130
0 0.938672 0.799537 0.052865 0.039815
0 0.947656 0.832407 0.056771 0.045370
0 0.951693 0.862731 0.057552 0.038426
0 0.955078 0.897222 0.063281 0.058333
0 0.786979 0.881250 0.030208 0.076389
0 0.970703 0.985648 0.053385 0.028704
