1 0.400130 0.958565 0.029427 0.082870
1 0.347005 0.844907 0.025260 0.098148
1 0.353125 0.783796 0.021875 0.078704
1 0.493099 0.725000 0.026302 0.085185
1 0.670052 0.848843 0.032813 0.043981
1 0.669792 0.767593 0.030208 0.074074
1 0.437500 0.561806 0.025521 0.105093
1 0.570833 0.552546 0.021354 0.091204
1 0.539062 0.441898 0.037500 0.092130
1 0.591146 0.393287 0.029167 0.104167
1 0.591016 0.309722 0.019531 0.090741
1 0.529948 0.224074 0.020313 0.079630
1 0.595833 0.192593 0.029167 0.088889
1 0.332292 0.475231 0.018750 0.059722
1 0.410026 0.484028 0.024219 0.095833
