0 0.205729 0.969676 0.030208 0.060648
0 0.360938 0.723148 0.025521 0.064815
0 0.716406 0.740278 0.023438 0.079630
0 0.758724 0.720833 0.022135 0.064815
0 0.957943 0.775463 0.057031 0.055556
0 0.755208 0.454630 0.019792 0.048148
0 0.744010 0.308333 0.020313 0.050000
0 0.877995 0.419907 0.040885 0.025926
0 0.872917 0.399074 0.042188 0.034259
0 0.871224 0.378472 0.039844 0.029167
0 0.861849 0.335880 0.036198 0.034722
0 0.861068 0.316435 0.039323 0.030093
0 0.857812 0.290741 0.033333 0.034259
0 0.857292 0.275926 0.039583 0.030556
0 0.955078 0.345602 0.035677 0.031944
0 0.946094 0.313889 0.037500 0.030556
0 0.850391 0.242361 0.037760 0.036574
0 0.921745 0.224769 0.050781 0.053241
0 0.845964 0.194907 0.036198 0.029630
0 0.842057 0.178472 0.035677 0.030093
0 0.916406 0.171991 0.038021 0.031944
0 0.830599 0.163889 0.028385 0.031481
0 0.831771 0.151620 0.031771 0.025463
0 0.823828 0.094676 0.034115 0.027315
0 0.822786 0.076157 0.034115 0.024537
0 0.809115 0.015741 0.030729 0.023148
