0 0.484896 0.962500 0.020313 0.063889
0 0.450260 0.893750 0.021875 0.073611
0 0.421354 0.968981 0.021354 0.062037
0 0.495833 0.655324 0.016146 0.041204
0 0.468750 0.651620 0.018229 0.041204
0 0.494401 0.604630 0.015365 0.037037
0 0.514453 0.539583 0.014323 0.028241
0 0.519531 0.463426 0.013542 0.025000
0 0.538411 0.457407 0.012760 0.028704
0 0.562891 0.378935 0.012760 0.019907
0 0.624349 0.302546 0.011719 0.018981
0 0.675521 0.260185 0.011458 0.015741
0 0.702474 0.248611 0.009635 0.014815
0 0.720313 0.233102 0.009896 0.014352
0 0.724479 0.218056 0.007812 0.011111
0 0.738411 0.214583 0.008073 0.013426
0 0.746615 0.203241 0.006250 0.011111
0 0.751172 0.179398 0.005990 0.011574
0 0.761458 0.166667 0.005729 0.008333
0 0.756380 0.162731 0.005990 0.009722
0 0.758203 0.148148 0.005469 0.008333
0 0.756901 0.123148 0.004948 0.007407
0 0.722005 0.319907 0.008073 0.011111
0 0.747266 0.309491 0.011198 0.012500
0 0.778516 0.357639 0.014844 0.012500
0 0.770964 0.508796 0.025260 0.026852
0 0.756120 0.587731 0.012240 0.019907
0 0.735156 0.571759 0.015104 0.022222
0 0.711458 0.579630 0.015104 0.021296
0 0.727344 0.591898 0.016146 0.020833
0 0.735807 0.599074 0.015885 0.020370
0 0.744401 0.603704 0.014844 0.023148
0 0.701693 0.293056 0.010677 0.008333
0 0.700651 0.297454 0.011719 0.007870
0 0.700781 0.302083 0.010417 0.008796
0 0.874479 0.379630 0.013021 0.011111
