0 0.631510 0.953241 0.040104 0.093519
0 0.521094 0.638194 0.013021 0.029167
0 0.526953 0.605556 0.013802 0.027778
0 0.507292 0.550694 0.013021 0.025463
0 0.479427 0.481250 0.018750 0.039352
0 0.466146 0.491667 0.011458 0.020370
0 0.438542 0.419444 0.014063 0.033333
0 0.436458 0.387500 0.009896 0.018519
0 0.414714 0.350694 0.007552 0.018056
0 0.424740 0.344676 0.006771 0.015278
0 0.422786 0.324769 0.005990 0.015278
0 0.425651 0.297685 0.007031 0.013889
0 0.420703 0.288657 0.007031 0.013426
0 0.438151 0.274537 0.005990 0.012963
