0 0.188411 0.885185 0.053906 0.053704
0 0.202474 0.850463 0.048698 0.045370
0 0.202344 0.810185 0.047917 0.044444
0 0.205990 0.746296 0.053125 0.048148
0 0.257943 0.399074 0.045573 0.040741
0 0.637760 0.748843 0.027083 0.081944
0 0.629687 0.663657 0.025521 0.081944
0 0.807813 0.775000 0.057813 0.053704
0 0.984505 0.811343 0.030990 0.048611
0 0.964063 0.681713 0.052083 0.043981
0 0.958594 0.642824 0.050521 0.043056
0 0.719010 0.305093 0.020313 0.056481
0 0.686458 0.256944 0.031250 0.037963
0 0.699740 0.179167 0.019792 0.047222
0 0.691016 0.075000 0.020573 0.049074
0 0.234896 0.587731 0.043750 0.043056
