0 0.367578 0.828935 0.025260 0.066204
0 0.378255 0.330787 0.020052 0.047685
0 0.776953 0.940509 0.023698 0.069907
0 0.757422 0.662963 0.021615 0.059259
0 0.905339 0.678472 0.047135 0.039352
0 0.900391 0.652778 0.047656 0.037037
0 0.892969 0.623611 0.047917 0.037963
0 0.889844 0.597685 0.045312 0.033333
0 0.980599 0.550926 0.038802 0.037037
0 0.876172 0.543056 0.041927 0.037037
0 0.874349 0.517361 0.045052 0.032870
0 0.967057 0.510648 0.042448 0.036111
0 0.867839 0.485185 0.036719 0.037963
0 0.867318 0.465972 0.043490 0.034722
0 0.855859 0.423380 0.041927 0.042130
0 0.934115 0.399537 0.053646 0.055556
0 0.849089 0.364120 0.039844 0.033796
0 0.843490 0.343750 0.039583 0.032870
0 0.829818 0.324769 0.029427 0.032870
0 0.829818 0.311343 0.037240 0.026389
0 0.924479 0.332870 0.039583 0.031481
0 0.730078 0.420833 0.021615 0.044444
0 0.707031 0.272685 0.021354 0.050000
0 0.817708 0.239815 0.035937 0.027778
0 0.816797 0.217593 0.037240 0.027778
0 0.796484 0.142593 0.035156 0.027778
0 0.792057 0.118056 0.035677 0.031481
0 0.840755 0.132176 0.020573 0.035648
0 0.863151 0.101157 0.035677 0.029167
0 0.860286 0.083565 0.030990 0.024537
0 0.855599 0.072454 0.032031 0.023611
0 0.787760 0.100463 0.029687 0.025000
0 0.782031 0.090278 0.034375 0.024074
0 0.774870 0.065509 0.033073 0.027315
0 0.767057 0.043056 0.031510 0.028704
0 0.834245 0.024074 0.033594 0.030556
0 0.831510 0.009028 0.031771 0.016204
0 0.762370 0.011574 0.037760 0.022222
