1 0.496875 0.884259 0.028125 0.087037
1 0.532292 0.848611 0.028125 0.097222
1 0.439323 0.693981 0.013542 0.071296
1 0.443880 0.666667 0.014844 0.049074
1 0.397005 0.685880 0.011719 0.074537
1 0.458594 0.617593 0.020313 0.079630
1 0.452995 0.545370 0.015885 0.071296
1 0.432161 0.492130 0.016406 0.080556
1 0.448958 0.489815 0.016667 0.074074
1 0.466016 0.481713 0.016406 0.076389
1 0.393880 0.459722 0.022656 0.031481
1 0.441276 0.432407 0.016406 0.066667
1 0.415365 0.413889 0.016667 0.065741
1 0.418620 0.382639 0.014323 0.036574
1 0.376693 0.381713 0.018490 0.067130
1 0.395703 0.385417 0.018490 0.066204
1 0.428385 0.063889 0.018229 0.070370
1 0.455599 0.068287 0.018490 0.081019
1 0.499740 0.215509 0.017188 0.073611
1 0.490755 0.389120 0.015885 0.069907
1 0.522526 0.404861 0.026302 0.069907
1 0.533724 0.530093 0.010156 0.051852
1 0.531641 0.600694 0.020052 0.086574
1 0.542708 0.702083 0.018750 0.070833
1 0.561458 0.756481 0.015104 0.084259
1 0.588542 0.804630 0.014063 0.081481
1 0.609505 0.921296 0.022135 0.048148
