0 0.305990 0.415278 0.021875 0.059259
0 0.428385 0.041435 0.016667 0.035648
0 0.630078 0.052778 0.015885 0.039815
0 0.642578 0.170833 0.019531 0.044444
0 0.702214 0.179630 0.035156 0.049074
0 0.782813 0.231713 0.039583 0.038426
0 0.869271 0.229398 0.038542 0.036574
0 0.891406 0.062037 0.030729 0.039815
0 0.902214 0.046528 0.027344 0.034722
0 0.947005 0.061574 0.048177 0.107407
0 0.932682 0.109028 0.021615 0.038426
0 0.938151 0.181250 0.025781 0.043056
0 0.915625 0.240278 0.028125 0.037963
0 0.890104 0.287731 0.030729 0.043981
0 0.801693 0.411111 0.036719 0.048148
0 0.744141 0.545370 0.020052 0.053704
0 0.744401 0.685880 0.026302 0.059722
0 0.726693 0.818981 0.026302 0.072222
0 0.773177 0.864352 0.031771 0.081481
0 0.915365 0.741898 0.027604 0.068981
0 0.962109 0.959028 0.038281 0.081944
0 0.798828 0.987963 0.024219 0.024074
