0 0.450521 0.925694 0.032813 0.148611
0 0.489974 0.735417 0.018490 0.048611
0 0.480078 0.625694 0.017448 0.043981
0 0.504557 0.622917 0.015365 0.037500
0 0.473958 0.566898 0.017188 0.035648
0 0.510677 0.492361 0.016667 0.031019
0 0.529557 0.455556 0.013802 0.027778
0 0.538281 0.476852 0.014063 0.028704
0 0.557813 0.422917 0.014063 0.021759
0 0.589193 0.369444 0.012760 0.022222
0 0.581510 0.357870 0.012500 0.017593
0 0.621094 0.316898 0.010937 0.015278
0 0.682943 0.262037 0.010677 0.016667
0 0.722005 0.228935 0.008594 0.012500
0 0.739323 0.220139 0.007812 0.013426
0 0.750130 0.207407 0.008594 0.012037
0 0.749740 0.192593 0.005729 0.010185
0 0.760026 0.189815 0.006510 0.012963
0 0.764193 0.177083 0.005990 0.009722
0 0.760156 0.161806 0.005729 0.010648
0 0.770182 0.144444 0.004948 0.008333
0 0.763802 0.145833 0.004687 0.009259
0 0.761198 0.133333 0.005208 0.008333
0 0.751563 0.112269 0.005208 0.007870
0 0.760547 0.593981 0.011719 0.018519
0 0.748828 0.609954 0.014323 0.022685
0 0.739714 0.605324 0.016927 0.019907
0 0.731380 0.598148 0.015885 0.020370
0 0.715104 0.586111 0.015104 0.021296
0 0.739062 0.578704 0.015625 0.020370
0 0.775260 0.514120 0.026042 0.028241
0 0.782292 0.361806 0.013542 0.011574
0 0.748307 0.349537 0.009635 0.012037
0 0.704818 0.297454 0.010156 0.007870
0 0.703906 0.301620 0.011458 0.006944
0 0.703906 0.306944 0.011458 0.010185
