0 0.197396 0.952778 0.034896 0.083333
0 0.332031 0.248843 0.020313 0.046759
0 0.705859 0.039352 0.018490 0.033333
0 0.810677 0.036343 0.033854 0.027315
0 0.810807 0.053704 0.033594 0.026852
0 0.817708 0.107176 0.031250 0.026389
0 0.816146 0.116898 0.028646 0.029167
0 0.827865 0.132407 0.033854 0.026852
0 0.831120 0.147454 0.034635 0.028241
0 0.899740 0.125926 0.035417 0.031481
0 0.902734 0.175231 0.046094 0.048611
0 0.835417 0.190278 0.035417 0.037037
0 0.841406 0.222685 0.038021 0.028704
0 0.841016 0.236806 0.033594 0.032870
0 0.844271 0.259491 0.039062 0.026389
0 0.845833 0.277315 0.034375 0.032407
0 0.925781 0.257870 0.035417 0.029630
0 0.935286 0.287963 0.035156 0.029630
0 0.853906 0.317824 0.039062 0.027315
0 0.854948 0.337037 0.040625 0.030556
0 0.711849 0.392130 0.020052 0.058333
0 0.747656 0.446528 0.019271 0.056019
0 0.746745 0.599769 0.021094 0.054167
0 0.932682 0.679398 0.054948 0.051389
0 0.700651 0.756944 0.035156 0.188889
0 0.736589 0.935648 0.024219 0.077778
