0 0.487760 0.745602 0.023958 0.076389
0 0.646875 0.505787 0.019792 0.056944
0 0.521745 0.224074 0.020573 0.047222
0 0.397656 0.259954 0.021354 0.056019
0 0.433333 0.153935 0.018750 0.053241
0 0.405078 0.040972 0.019010 0.047685
0 0.659896 0.228935 0.021354 0.050463
0 0.716536 0.015509 0.018490 0.030093
0 0.730990 0.084722 0.018229 0.048148
0 0.701823 0.106713 0.025521 0.041204
0 0.697917 0.136574 0.018229 0.041667
0 0.704948 0.189815 0.016667 0.039815
0 0.743620 0.196296 0.018490 0.039815
0 0.711328 0.236111 0.019010 0.044444
0 0.744271 0.240046 0.018750 0.048611
0 0.705990 0.272454 0.041667 0.032870
0 0.702474 0.322454 0.041927 0.034722
0 0.725130 0.347917 0.021615 0.053241
0 0.732031 0.398380 0.021354 0.049537
0 0.737240 0.450694 0.023438 0.068056
0 0.742839 0.507639 0.025260 0.056944
0 0.747005 0.561574 0.023698 0.061111
0 0.764193 0.655787 0.026823 0.067130
0 0.786458 0.824537 0.024479 0.073148
0 0.786068 0.897917 0.028906 0.077315
0 0.797005 0.978241 0.026302 0.043519
0 0.867318 0.189815 0.025260 0.047222
0 0.948307 0.543287 0.023698 0.054167
0 0.687500 0.026620 0.014583 0.031019
