0 0.241276 0.922917 0.045573 0.045833
0 0.252865 0.897685 0.039583 0.036111
0 0.251172 0.869676 0.039844 0.037500
0 0.253385 0.823611 0.045312 0.038889
0 0.294922 0.567130 0.039323 0.037037
0 0.413932 0.675694 0.021615 0.068981
0 0.614974 0.761343 0.020573 0.066204
0 0.621484 0.824074 0.022135 0.063889
0 0.766276 0.842130 0.047135 0.043519
0 0.925391 0.869213 0.046615 0.037500
0 0.899870 0.775231 0.045052 0.037500
0 0.895703 0.746528 0.043490 0.037500
0 0.694792 0.496065 0.017188 0.045833
0 0.666797 0.459259 0.027865 0.031481
0 0.679427 0.399769 0.016667 0.038426
0 0.673177 0.317361 0.016667 0.043056
0 0.655208 0.216898 0.014063 0.025463
0 0.712891 0.226852 0.027865 0.026852
0 0.708594 0.184954 0.030208 0.031019
0 0.703385 0.167361 0.031771 0.027315
0 0.667318 0.084491 0.013281 0.031019
0 0.568620 0.094676 0.016406 0.031944
0 0.630078 0.019213 0.013281 0.021759
