0 0.539323 0.898148 0.040625 0.109259
0 0.607031 0.669444 0.040625 0.083333
0 0.661198 0.528009 0.031771 0.068981
0 0.670703 0.364352 0.038802 0.061111
0 0.738542 0.333102 0.030208 0.070833
0 0.706120 0.236111 0.025260 0.063889
0 0.721354 0.158102 0.029167 0.056944
0 0.667448 0.103704 0.035937 0.055556
0 0.674089 0.039120 0.030990 0.046759
0 0.391406 0.025463 0.047396 0.050000
0 0.282682 0.033565 0.021615 0.057870
0 0.294010 0.160880 0.025521 0.065278
0 0.338542 0.273380 0.034896 0.068056
0 0.521224 0.450694 0.052865 0.050463
0 0.588021 0.427083 0.054688 0.049537
