0 0.038151 0.754398 0.032031 0.092130
0 0.110417 0.039815 0.022396 0.055556
0 0.431120 0.028472 0.019010 0.047685
0 0.537240 0.096296 0.041667 0.051852
0 0.452995 0.186806 0.022135 0.052315
0 0.622396 0.117593 0.040104 0.032407
0 0.686719 0.092824 0.038542 0.039352
0 0.743359 0.020602 0.020052 0.040278
0 0.734115 0.074537 0.026042 0.044444
0 0.718099 0.124769 0.029948 0.044907
0 0.645703 0.262269 0.035156 0.050463
0 0.561589 0.423611 0.025260 0.055556
0 0.551823 0.577083 0.027604 0.068056
0 0.585026 0.759491 0.035156 0.086574
0 0.739714 0.674769 0.029948 0.074537
0 0.613281 0.901389 0.032813 0.084259
0 0.795964 0.925000 0.040885 0.107407
0 0.910547 0.815046 0.058594 0.047685
0 0.942318 0.929630 0.062760 0.057407
0 0.982682 0.681250 0.034635 0.055093
0 0.978646 0.631944 0.042708 0.046296
0 0.925651 0.515972 0.051302 0.045833
0 0.839974 0.558333 0.050781 0.045370
