0 0.420573 0.378009 0.021354 0.060648
0 0.497656 0.282407 0.018750 0.051852
0 0.398828 0.137269 0.026823 0.087500
0 0.625130 0.036343 0.015885 0.038426
0 0.696484 0.090278 0.017448 0.044444
0 0.713542 0.152778 0.018750 0.041667
0 0.716536 0.190972 0.017969 0.045833
0 0.741276 0.212963 0.019010 0.046296
0 0.722786 0.262269 0.040365 0.037500
0 0.718750 0.290972 0.020833 0.050463
0 0.723568 0.339352 0.020052 0.045370
0 0.730599 0.396296 0.024219 0.054630
0 0.782422 0.476852 0.025260 0.062963
0 0.744271 0.510185 0.020313 0.049074
0 0.658984 0.628241 0.020573 0.059259
0 0.805599 0.612037 0.025260 0.071296
0 0.768099 0.652315 0.035156 0.065741
0 0.764583 0.704861 0.026042 0.064352
0 0.775260 0.801389 0.025000 0.064815
0 0.829297 0.814815 0.026302 0.066667
0 0.716276 0.877778 0.028385 0.079630
0 0.787109 0.886343 0.027865 0.076389
0 0.833203 0.890972 0.024740 0.079167
0 0.783073 0.956481 0.056771 0.050000
0 0.992578 0.805324 0.014844 0.064352
