0 0.430859 0.782176 0.020573 0.048611
0 0.459635 0.680556 0.020833 0.042593
0 0.483854 0.578935 0.016146 0.028241
0 0.503385 0.571528 0.017708 0.034722
0 0.532682 0.508333 0.014844 0.025000
0 0.568620 0.442130 0.013281 0.020370
0 0.513281 0.418056 0.013542 0.037037
0 0.514844 0.392593 0.013542 0.011111
0 0.573438 0.411574 0.013542 0.022222
0 0.607943 0.350231 0.010156 0.018981
0 0.622135 0.328704 0.008854 0.016667
0 0.568750 0.318750 0.010417 0.011574
0 0.645833 0.252778 0.006250 0.012963
0 0.646354 0.210648 0.005208 0.011111
0 0.654297 0.203241 0.005469 0.011111
0 0.645573 0.194213 0.004687 0.008796
0 0.651823 0.187731 0.005208 0.008796
0 0.644141 0.182639 0.004948 0.010648
0 0.704688 0.502083 0.018229 0.013426
0 0.747005 0.823380 0.035677 0.043981
0 0.715234 0.984028 0.024219 0.031944
0 0.217057 0.578009 0.021094 0.017130
0 0.212500 0.590278 0.023438 0.017593
0 0.199870 0.615741 0.023698 0.016667
0 0.197917 0.626620 0.023958 0.017130
0 0.188672 0.631713 0.023698 0.015278
0 0.189193 0.641435 0.024740 0.012500
