0 0.196094 0.832870 0.053646 0.053704
0 0.209115 0.797685 0.046875 0.043519
0 0.209635 0.760417 0.047396 0.050463
0 0.211849 0.697685 0.051823 0.048148
0 0.263672 0.365509 0.046615 0.039352
0 0.634766 0.700694 0.026302 0.078241
0 0.627734 0.619676 0.024740 0.080093
0 0.802083 0.725231 0.054688 0.049537
0 0.979036 0.760880 0.041927 0.045833
0 0.955469 0.636574 0.051042 0.044444
0 0.950521 0.600463 0.050000 0.042593
0 0.715755 0.274074 0.019010 0.058333
0 0.683854 0.228472 0.030208 0.035648
0 0.696354 0.154630 0.019271 0.046296
0 0.689844 0.051852 0.018750 0.047222
0 0.241406 0.547685 0.043229 0.042593
