0 0.393099 0.497685 0.005990 0.014815
0 0.650781 0.927083 0.015625 0.036574
0 0.582812 0.713194 0.011979 0.025463
0 0.545182 0.621991 0.010156 0.021759
0 0.528125 0.477778 0.006771 0.016667
0 0.512760 0.412500 0.006250 0.014815
0 0.495052 0.307639 0.006771 0.012500
0 0.480339 0.295139 0.005990 0.010648
0 0.473177 0.278009 0.006250 0.007870
0 0.442318 0.256481 0.004948 0.008333
0 0.430859 0.242593 0.005469 0.008333
0 0.416797 0.235648 0.005990 0.007407
0 0.405078 0.234491 0.005990 0.006944
0 0.388932 0.225694 0.006510 0.006944
