0 0.523958 0.566435 0.024479 0.064352
0 0.628385 0.533796 0.023958 0.067593
0 0.650911 0.254630 0.024219 0.045370
0 0.696875 0.105556 0.018229 0.046296
0 0.708854 0.199537 0.018229 0.044444
0 0.707422 0.237731 0.020052 0.046759
0 0.713151 0.288426 0.020052 0.045370
0 0.723177 0.374306 0.020313 0.052315
0 0.741797 0.515972 0.024219 0.057870
0 0.751042 0.587500 0.025000 0.054630
0 0.758203 0.651389 0.024219 0.063889
0 0.771484 0.763889 0.026823 0.071296
0 0.779167 0.836806 0.026562 0.069907
0 0.800911 0.930093 0.026823 0.077778
0 0.846354 0.910880 0.029687 0.087500
0 0.686198 0.053241 0.016667 0.043519
0 0.684505 0.022454 0.016927 0.037500
