0 0.626693 0.804630 0.016406 0.041667
0 0.551823 0.540278 0.011979 0.023148
0 0.541016 0.473611 0.011719 0.021296
0 0.513672 0.437037 0.011198 0.020370
0 0.514062 0.404630 0.021354 0.039815
0 0.457813 0.331713 0.007812 0.014352
0 0.464323 0.324074 0.007812 0.013889
0 0.454688 0.307870 0.007292 0.014815
0 0.441927 0.278472 0.010417 0.023611
0 0.434115 0.266898 0.005729 0.012500
0 0.427344 0.247454 0.007812 0.020833
0 0.438021 0.236574 0.006771 0.012037
0 0.439453 0.216667 0.005990 0.010185
0 0.448177 0.217593 0.006250 0.009259
0 0.346094 0.445833 0.006250 0.014815
