0 0.349219 0.853241 0.028125 0.086111
0 0.493880 0.462269 0.022135 0.060648
0 0.416536 0.397454 0.021615 0.063426
0 0.522396 0.069676 0.018750 0.040278
0 0.695052 0.017824 0.015625 0.034722
0 0.717187 0.031481 0.016667 0.040741
0 0.684245 0.065278 0.035677 0.028704
0 0.695443 0.093981 0.018490 0.042593
0 0.700130 0.133102 0.018490 0.037500
0 0.704948 0.175926 0.021354 0.041667
0 0.749219 0.237500 0.019792 0.050926
0 0.715234 0.264352 0.017448 0.039815
0 0.767318 0.341667 0.022135 0.059259
0 0.733984 0.372454 0.031510 0.052315
0 0.931771 0.486343 0.026562 0.060648
0 0.730208 0.411806 0.021354 0.052315
0 0.738281 0.484722 0.021875 0.049074
0 0.786068 0.494907 0.022135 0.050926
0 0.748047 0.548611 0.022656 0.060185
0 0.787370 0.551852 0.019531 0.057407
0 0.687500 0.543981 0.025000 0.061111
0 0.649349 0.584028 0.020573 0.061574
0 0.742188 0.598611 0.047396 0.041667
0 0.740104 0.671991 0.048958 0.041204
0 0.767708 0.711343 0.027604 0.070833
0 0.778385 0.784722 0.027604 0.070370
0 0.785547 0.860880 0.029948 0.092130
0 0.793359 0.944213 0.033073 0.081944
