0 0.531120 0.931944 0.036198 0.110185
0 0.594010 0.692593 0.041667 0.082407
0 0.650911 0.547685 0.035156 0.071296
0 0.658724 0.375000 0.044010 0.057407
0 0.730339 0.354398 0.033594 0.069907
0 0.702604 0.245139 0.028646 0.062500
0 0.731771 0.186574 0.025521 0.058333
0 0.676302 0.113889 0.034375 0.057407
0 0.695312 0.074537 0.029687 0.048148
0 0.617318 0.014120 0.027344 0.027315
0 0.392839 0.020833 0.047656 0.040741
0 0.288281 0.100231 0.022917 0.056944
0 0.322396 0.221528 0.030729 0.067130
0 0.510156 0.439583 0.052083 0.055093
0 0.574479 0.419676 0.055208 0.050463
