0 0.258594 0.716898 0.024479 0.021759
0 0.257812 0.704630 0.020833 0.019444
0 0.259375 0.672222 0.022396 0.020370
0 0.259115 0.637731 0.021875 0.018056
0 0.262109 0.609028 0.020052 0.016204
0 0.268490 0.590509 0.015104 0.016204
0 0.327865 0.615972 0.020833 0.016204
0 0.323828 0.674537 0.020052 0.066667
0 0.406771 0.630093 0.009896 0.023148
0 0.447656 0.632176 0.015625 0.032870
0 0.408854 0.574769 0.017188 0.018056
0 0.445182 0.495602 0.013281 0.018056
0 0.404427 0.459491 0.013021 0.016204
0 0.348958 0.443056 0.008854 0.013889
0 0.490625 0.476852 0.010417 0.023148
0 0.505339 0.465278 0.009115 0.022222
0 0.497005 0.404861 0.008073 0.018056
0 0.511719 0.407407 0.009375 0.018519
0 0.506120 0.380324 0.008073 0.018981
0 0.495573 0.323843 0.007292 0.016204
0 0.509375 0.323380 0.007812 0.017130
0 0.492708 0.279398 0.005729 0.011574
0 0.503385 0.284954 0.006250 0.014352
0 0.500521 0.269213 0.006250 0.011574
0 0.492839 0.237963 0.006510 0.013889
0 0.477734 0.220602 0.005990 0.011574
0 0.609245 0.786574 0.024219 0.022222
0 0.461849 0.470370 0.017448 0.021296
