0 0.488151 0.890509 0.018490 0.052315
0 0.471745 0.773843 0.016927 0.044907
0 0.484115 0.625000 0.016146 0.042593
0 0.498047 0.584954 0.013802 0.027315
0 0.305339 0.985648 0.024740 0.028704
0 0.490885 0.493056 0.011979 0.026852
0 0.471094 0.445139 0.009896 0.021759
0 0.482031 0.431250 0.010417 0.023611
0 0.461849 0.398380 0.010156 0.017130
0 0.468359 0.378009 0.009115 0.019907
0 0.436979 0.320602 0.015625 0.034722
0 0.437500 0.303472 0.007812 0.014352
0 0.411328 0.269444 0.008594 0.011111
0 0.391667 0.246759 0.008854 0.011111
0 0.376302 0.240972 0.008854 0.009722
0 0.376432 0.230324 0.008594 0.012500
0 0.356380 0.222685 0.007031 0.010185
0 0.346875 0.207176 0.006250 0.009722
0 0.325391 0.191898 0.007031 0.008796
0 0.297266 0.168981 0.005469 0.008333
0 0.299479 0.153472 0.004167 0.008796
0 0.293490 0.150463 0.003646 0.008333
0 0.302995 0.141667 0.008073 0.014815
