0 0.488802 0.912731 0.019792 0.067130
0 0.459245 0.807176 0.034115 0.146759
0 0.502474 0.634722 0.016927 0.043519
0 0.494010 0.563426 0.016146 0.034259
0 0.519401 0.552778 0.014323 0.031481
0 0.499609 0.492361 0.015365 0.029167
0 0.529297 0.452315 0.014844 0.026852
0 0.546615 0.418750 0.013542 0.025463
0 0.555859 0.437731 0.013281 0.026389
0 0.575260 0.394676 0.011458 0.020833
0 0.608203 0.348611 0.011719 0.018519
0 0.607682 0.333796 0.012760 0.015741
0 0.642188 0.300463 0.011458 0.013889
0 0.700911 0.251157 0.009635 0.016204
0 0.733594 0.219907 0.007812 0.012037
0 0.748177 0.211806 0.007292 0.011574
0 0.757161 0.199769 0.007031 0.011574
0 0.754297 0.186343 0.005469 0.009722
0 0.763932 0.182870 0.005990 0.012963
0 0.767057 0.170370 0.005469 0.008333
0 0.762370 0.156944 0.004427 0.011111
0 0.769401 0.138657 0.004427 0.008796
0 0.763932 0.140972 0.005469 0.009722
0 0.760026 0.129630 0.004427 0.008333
0 0.747005 0.110417 0.004948 0.008796
0 0.761458 0.594444 0.012500 0.019444
0 0.749479 0.610880 0.013542 0.024537
0 0.740625 0.606019 0.016667 0.021296
0 0.732292 0.599537 0.016146 0.020370
0 0.715755 0.587963 0.014844 0.021296
0 0.739844 0.579630 0.016146 0.022222
0 0.776042 0.515278 0.025521 0.027778
0 0.760547 0.362963 0.010677 0.012037
0 0.782682 0.363426 0.013802 0.012963
