0 0.488672 0.709954 0.023698 0.072685
0 0.647005 0.514815 0.022656 0.057407
0 0.391536 0.339352 0.021094 0.062037
0 0.428125 0.233565 0.019271 0.056019
0 0.521484 0.206250 0.019010 0.047685
0 0.662500 0.261574 0.021354 0.050000
0 0.719531 0.028472 0.019271 0.041204
0 0.734245 0.110185 0.019531 0.047222
0 0.705339 0.133565 0.025781 0.040278
0 0.701562 0.163194 0.018229 0.040278
0 0.707161 0.218056 0.018490 0.043519
0 0.747656 0.225926 0.018750 0.040741
0 0.714323 0.265046 0.019792 0.046759
0 0.748437 0.268981 0.017708 0.047222
0 0.708984 0.302315 0.039844 0.032407
0 0.705339 0.355787 0.041406 0.033796
0 0.729427 0.382870 0.022917 0.057407
0 0.736198 0.434722 0.022396 0.050926
0 0.741406 0.488889 0.025000 0.070370
0 0.747396 0.547917 0.025521 0.061574
0 0.751823 0.604861 0.022917 0.064352
0 0.769531 0.701852 0.027083 0.071296
0 0.792448 0.879167 0.025521 0.074074
0 0.792839 0.955093 0.029948 0.077778
0 0.400911 0.102315 0.019010 0.052778
0 0.873568 0.216898 0.024740 0.047685
0 0.957031 0.584259 0.023958 0.054630
0 0.690755 0.048843 0.014323 0.030093
