0 0.349349 0.875463 0.023177 0.053704
0 0.378255 0.867593 0.023698 0.062037
0 0.420703 0.715278 0.018490 0.040741
0 0.446745 0.614583 0.018490 0.031944
0 0.467969 0.546296 0.017188 0.034259
0 0.517578 0.441204 0.013281 0.024074
0 0.436328 0.438426 0.016406 0.012037
0 0.435417 0.469444 0.015625 0.041667
0 0.492318 0.348380 0.011198 0.011574
0 0.536849 0.413194 0.010156 0.021759
0 0.491927 0.380093 0.010937 0.011111
0 0.495833 0.419444 0.011979 0.012037
0 0.523438 0.375231 0.007812 0.013426
0 0.569271 0.306019 0.006771 0.015741
0 0.571224 0.252315 0.005990 0.013889
0 0.579818 0.244676 0.005469 0.012500
0 0.569531 0.229861 0.005208 0.010648
0 0.577344 0.222917 0.005729 0.009722
0 0.568620 0.216204 0.004948 0.012037
0 0.570703 0.188657 0.005990 0.012500
0 0.561458 0.189352 0.004687 0.010185
0 0.562760 0.172222 0.005208 0.010185
0 0.557682 0.164120 0.004948 0.007870
0 0.550911 0.163657 0.004948 0.008796
0 0.544922 0.147685 0.005469 0.010185
0 0.532813 0.143287 0.005208 0.007870
0 0.643880 0.552083 0.017969 0.015278
0 0.713542 0.953935 0.035417 0.052315
0 0.042318 0.812731 0.034115 0.024537
0 0.042448 0.793981 0.031250 0.020370
0 0.054948 0.784259 0.031250 0.020370
0 0.058594 0.769444 0.031250 0.019444
0 0.075521 0.731944 0.029167 0.021296
0 0.082031 0.714120 0.026562 0.018981
0 0.186458 0.719676 0.023958 0.018981
0 0.109505 0.817824 0.030990 0.025463
