0 0.338802 0.867593 0.019271 0.041667
0 0.291797 0.989583 0.018490 0.020833
0 0.363411 0.448380 0.008594 0.016204
0 0.617188 0.955324 0.018229 0.056019
0 0.644531 0.947222 0.019792 0.054630
0 0.601432 0.756250 0.015365 0.039352
0 0.622656 0.734954 0.014583 0.039352
0 0.596354 0.601157 0.013542 0.028241
0 0.530078 0.437500 0.011198 0.017593
0 0.520312 0.389815 0.009896 0.015741
0 0.495833 0.364352 0.009375 0.017593
0 0.494922 0.339120 0.019531 0.032870
0 0.447396 0.285185 0.007292 0.013889
0 0.454036 0.279861 0.007552 0.012500
0 0.447656 0.266898 0.006771 0.012500
0 0.439714 0.243750 0.007552 0.019907
0 0.437240 0.233102 0.005208 0.010648
0 0.432812 0.217593 0.006771 0.018519
0 0.447135 0.209722 0.006250 0.010185
0 0.452995 0.192824 0.006510 0.009722
