0 0.364844 0.456250 0.020833 0.051389
0 0.763151 0.951852 0.025260 0.073148
0 0.972526 0.918287 0.054948 0.059722
0 0.748177 0.654398 0.022917 0.060648
0 0.870573 0.518287 0.045312 0.035648
0 0.865104 0.491204 0.044792 0.034259
0 0.862760 0.468750 0.043750 0.031944
0 0.948177 0.427546 0.036979 0.034722
0 0.849740 0.420370 0.038542 0.035185
0 0.849089 0.399074 0.041406 0.032407
0 0.935547 0.393750 0.037760 0.031944
0 0.843490 0.370602 0.035417 0.037500
0 0.842448 0.353241 0.039583 0.030556
0 0.727344 0.407870 0.020833 0.046296
0 0.832812 0.317130 0.039583 0.038889
0 0.906641 0.293981 0.051823 0.051852
0 0.827344 0.264583 0.036979 0.031944
0 0.822396 0.245139 0.037500 0.030093
0 0.808203 0.229167 0.029427 0.033333
0 0.809505 0.215509 0.033594 0.025463
0 0.898307 0.235880 0.037760 0.031019
0 0.799089 0.153935 0.035677 0.027315
0 0.798047 0.132870 0.034115 0.025926
0 0.781120 0.065509 0.033594 0.028241
0 0.776302 0.045602 0.036458 0.031944
0 0.771484 0.029861 0.027344 0.021759
0 0.820052 0.052315 0.019792 0.032407
0 0.844141 0.028704 0.033073 0.026852
0 0.705990 0.265046 0.020313 0.047685
