0 0.240755 0.922685 0.046615 0.046296
0 0.252083 0.898611 0.041667 0.037037
0 0.251172 0.868981 0.040365 0.037963
0 0.253255 0.823148 0.044531 0.038889
0 0.294271 0.567361 0.039583 0.035648
0 0.408073 0.784722 0.023958 0.074074
0 0.622396 0.824306 0.023958 0.065278
0 0.615495 0.761574 0.021094 0.065741
0 0.765755 0.840509 0.049219 0.045833
0 0.924479 0.868287 0.046354 0.040278
0 0.899609 0.775231 0.044531 0.036574
0 0.895182 0.745833 0.044531 0.034259
0 0.694661 0.496296 0.017448 0.044444
0 0.666927 0.458796 0.027604 0.032407
0 0.679036 0.401157 0.016927 0.039352
0 0.672786 0.318287 0.017448 0.041204
0 0.654557 0.215046 0.013802 0.022685
0 0.712370 0.226620 0.027865 0.026389
0 0.708203 0.186111 0.028906 0.029630
0 0.702734 0.167593 0.032031 0.027778
0 0.570964 0.099306 0.016927 0.030093
0 0.667057 0.082639 0.012760 0.028241
0 0.629818 0.019444 0.011198 0.023148
