0 0.021094 0.351389 0.024479 0.068519
0 0.357552 0.040972 0.037500 0.051389
0 0.341406 0.311806 0.026562 0.068981
0 0.478516 0.089583 0.046615 0.044907
0 0.541406 0.082176 0.044792 0.039352
0 0.583984 0.038657 0.033073 0.048611
0 0.621615 0.045602 0.029167 0.051389
0 0.594010 0.142824 0.033854 0.055093
0 0.499479 0.319676 0.034896 0.057870
0 0.442448 0.490278 0.026562 0.073148
0 0.398568 0.628704 0.034115 0.084259
0 0.461589 0.692593 0.034635 0.092593
0 0.492318 0.834722 0.036198 0.090741
0 0.657031 0.738657 0.034896 0.089352
0 0.756120 0.587731 0.054948 0.050463
0 0.843880 0.527778 0.053906 0.050926
0 0.959896 0.495370 0.056250 0.050926
0 0.911328 0.658333 0.055469 0.052778
0 0.925651 0.714352 0.060677 0.059259
0 0.847135 0.888657 0.064583 0.061574
0 0.959375 0.804630 0.057813 0.061111
0 0.971875 0.849074 0.056250 0.063889
0 0.987500 0.938426 0.025000 0.066667
