0 0.303776 0.947685 0.021094 0.043519
0 0.349089 0.823380 0.015885 0.034722
0 0.365885 0.449074 0.007292 0.015741
0 0.611198 0.887731 0.015104 0.048611
0 0.636328 0.879861 0.016406 0.049537
0 0.595833 0.712037 0.013021 0.035185
0 0.615755 0.692593 0.012760 0.037963
0 0.590234 0.570833 0.012760 0.026852
0 0.526563 0.421065 0.010417 0.017130
0 0.516016 0.375463 0.009635 0.015741
0 0.492578 0.351852 0.009635 0.016667
0 0.490625 0.327546 0.019271 0.032870
0 0.445312 0.275694 0.006250 0.011574
0 0.452344 0.272222 0.006771 0.012963
0 0.446224 0.259722 0.006510 0.012037
0 0.439323 0.236806 0.007812 0.019907
0 0.437760 0.227315 0.005208 0.007407
0 0.434375 0.211111 0.006771 0.018519
0 0.448698 0.203472 0.005208 0.010648
0 0.455859 0.188426 0.005990 0.009259
