0 0.241406 0.922454 0.046875 0.045833
0 0.251823 0.897222 0.041146 0.036111
0 0.251432 0.869444 0.040365 0.037037
0 0.253516 0.823843 0.044531 0.040278
0 0.295182 0.566898 0.039323 0.036574
0 0.416536 0.625463 0.019531 0.063889
0 0.615104 0.762500 0.021354 0.065741
0 0.621354 0.823380 0.020833 0.062500
0 0.766406 0.839583 0.047917 0.045833
0 0.925521 0.868519 0.045312 0.038889
0 0.899740 0.774306 0.044792 0.035648
0 0.896615 0.746296 0.044792 0.036111
0 0.694922 0.496296 0.017969 0.043519
0 0.666667 0.459491 0.027604 0.031944
0 0.679167 0.399306 0.017188 0.038426
0 0.673047 0.318519 0.016927 0.042593
0 0.712760 0.225926 0.027604 0.027778
0 0.654297 0.215046 0.013281 0.020833
0 0.707552 0.184259 0.029167 0.029630
0 0.702995 0.167130 0.031510 0.026852
0 0.666667 0.083333 0.013542 0.028704
0 0.568099 0.088426 0.013802 0.029630
0 0.630859 0.018056 0.011719 0.020370
