0 0.497786 0.779398 0.023177 0.080093
0 0.680078 0.771759 0.024219 0.071296
0 0.417318 0.387731 0.024740 0.070833
0 0.401953 0.105787 0.018490 0.052315
0 0.501172 0.012037 0.016927 0.023148
0 0.625521 0.018519 0.016146 0.036111
0 0.627344 0.053472 0.016667 0.036574
0 0.629557 0.097222 0.016927 0.037963
0 0.634245 0.150463 0.017448 0.036111
0 0.637500 0.202546 0.020313 0.044907
0 0.641016 0.248843 0.020052 0.047685
0 0.652083 0.326852 0.022396 0.052778
0 0.654557 0.410648 0.021094 0.053704
0 0.742578 0.162731 0.038281 0.043981
0 0.713802 0.228935 0.019792 0.056019
0 0.716146 0.281713 0.020313 0.051389
0 0.745443 0.496296 0.022656 0.062037
0 0.770052 0.600000 0.023438 0.062963
0 0.775391 0.657639 0.023698 0.064352
0 0.794401 0.726389 0.034115 0.066667
0 0.818099 0.765278 0.048698 0.050000
0 0.782292 0.829398 0.027083 0.074537
0 0.791536 0.905787 0.028385 0.069907
0 0.801953 0.981019 0.027344 0.037963
0 0.960156 0.021296 0.020313 0.039815
