1 0.466146 0.827778 0.022917 0.079630
1 0.439583 0.811574 0.023438 0.086111
1 0.613281 0.654861 0.018229 0.086574
1 0.605729 0.410417 0.029167 0.051389
1 0.565885 0.380093 0.024479 0.076852
1 0.567708 0.344444 0.022396 0.040741
1 0.529687 0.370139 0.021875 0.084722
1 0.559505 0.230093 0.022135 0.072222
1 0.532292 0.190972 0.015104 0.087500
1 0.539453 0.168750 0.015365 0.083796
1 0.588021 0.080093 0.017708 0.078704
1 0.399479 0.236574 0.019792 0.077778
1 0.340365 0.272685 0.022917 0.087963
1 0.349479 0.436111 0.018229 0.087963
1 0.357943 0.649306 0.027344 0.064352
1 0.119661 0.558565 0.017969 0.085648
