0 0.335807 0.446528 0.007031 0.013426
0 0.652214 0.983565 0.019010 0.032870
0 0.567057 0.624537 0.013281 0.028704
0 0.556380 0.542361 0.012240 0.025463
0 0.525651 0.492824 0.011198 0.023611
0 0.527344 0.456250 0.023438 0.045833
0 0.465885 0.367593 0.008854 0.016667
0 0.471745 0.356250 0.008594 0.015278
0 0.460677 0.336806 0.007812 0.015278
0 0.445312 0.304167 0.011979 0.025000
0 0.434115 0.293287 0.006250 0.013426
0 0.425000 0.269444 0.007812 0.023148
0 0.433203 0.255093 0.005469 0.012963
0 0.432161 0.234491 0.005990 0.011574
0 0.441536 0.234954 0.005469 0.009722
0 0.448307 0.223148 0.007031 0.011111
