0 0.423438 0.975231 0.038542 0.039352
0 0.316146 0.936574 0.026042 0.039815
0 0.489844 0.774769 0.016146 0.046759
0 0.473828 0.675463 0.013802 0.032407
0 0.483073 0.559954 0.014063 0.036574
0 0.496094 0.530324 0.011458 0.028241
0 0.489714 0.453009 0.010156 0.027315
0 0.469401 0.411343 0.010156 0.022685
0 0.479167 0.399074 0.011458 0.025926
0 0.460286 0.371991 0.010156 0.020833
0 0.465234 0.352315 0.009115 0.022222
0 0.435156 0.300926 0.014063 0.034259
0 0.433333 0.284722 0.008333 0.012963
0 0.407031 0.253472 0.007812 0.015278
0 0.388021 0.234722 0.008854 0.012037
0 0.372786 0.228704 0.007552 0.012037
0 0.371875 0.217361 0.008333 0.013426
0 0.353385 0.211574 0.006771 0.008333
0 0.343490 0.196528 0.006771 0.011574
0 0.323568 0.183565 0.005990 0.010648
0 0.298568 0.161574 0.004948 0.010185
0 0.303385 0.146065 0.004167 0.008796
0 0.298047 0.144676 0.002865 0.006019
0 0.308333 0.135417 0.008854 0.012500
