0 0.483203 0.830324 0.019531 0.056944
0 0.495573 0.688426 0.015625 0.041667
0 0.469922 0.682407 0.017448 0.045370
0 0.455469 0.641435 0.016667 0.041204
0 0.498307 0.527546 0.015365 0.031019
0 0.525521 0.514815 0.014063 0.029630
0 0.517708 0.489120 0.014583 0.030093
0 0.544401 0.450231 0.012240 0.021759
0 0.574219 0.390278 0.012500 0.025000
0 0.563151 0.381713 0.012760 0.018056
0 0.604557 0.330556 0.012240 0.016667
0 0.667448 0.272917 0.010417 0.017130
0 0.710286 0.238657 0.009635 0.012500
0 0.729036 0.228241 0.008594 0.012037
0 0.743359 0.214583 0.008594 0.011574
0 0.743750 0.200463 0.006250 0.009259
0 0.754687 0.197454 0.007292 0.012500
0 0.760156 0.185185 0.005208 0.009259
0 0.757682 0.166898 0.004948 0.010648
0 0.761328 0.150926 0.005469 0.010185
0 0.768229 0.151620 0.005208 0.006944
0 0.760677 0.137963 0.004687 0.008333
0 0.752083 0.115741 0.005208 0.008333
0 0.739974 0.341435 0.008594 0.011574
0 0.780469 0.360880 0.014583 0.011574
0 0.713411 0.584491 0.014844 0.020833
0 0.737500 0.575694 0.015625 0.020833
0 0.729818 0.596528 0.015365 0.019907
0 0.738151 0.603241 0.016927 0.021296
0 0.746745 0.607870 0.014844 0.023148
0 0.758984 0.591898 0.012240 0.018981
0 0.773828 0.513426 0.024740 0.027778
0 0.707943 0.286111 0.004948 0.009259
0 0.703646 0.297685 0.010417 0.007407
0 0.702344 0.302083 0.011458 0.006944
0 0.702604 0.306944 0.010417 0.009259
0 0.977344 0.429167 0.016667 0.012037
