0 0.336589 0.159722 0.020573 0.046296
0 0.694271 0.983796 0.026042 0.032407
0 0.714063 0.626620 0.021875 0.056019
0 0.950260 0.665046 0.027083 0.056019
0 0.981250 0.560417 0.026042 0.055093
0 0.961589 0.489583 0.021094 0.060648
0 0.888672 0.473380 0.048698 0.048611
0 0.719922 0.484259 0.023177 0.059259
0 0.691667 0.301620 0.025000 0.125463
0 0.688021 0.101852 0.014063 0.042593
0 0.703516 0.040972 0.017969 0.032870
0 0.823177 0.178704 0.034375 0.025926
0 0.898307 0.152546 0.030990 0.028241
0 0.890885 0.127315 0.033854 0.027778
0 0.816797 0.146065 0.032552 0.030093
0 0.817057 0.129630 0.035677 0.026852
0 0.813672 0.110185 0.029427 0.028704
0 0.814063 0.098611 0.033854 0.027778
0 0.808464 0.071296 0.033073 0.033333
0 0.871354 0.055787 0.043229 0.046759
0 0.805990 0.034954 0.032813 0.027315
0 0.802995 0.021759 0.032031 0.026852
0 0.869141 0.016435 0.034115 0.025463
0 0.797786 0.010648 0.038281 0.020370
