0 0.479427 0.882407 0.020313 0.064815
0 0.448568 0.841667 0.021094 0.056481
0 0.478906 0.783796 0.017708 0.053704
0 0.495052 0.673380 0.014583 0.042130
0 0.489453 0.576389 0.015365 0.033333
0 0.514062 0.555787 0.015625 0.035648
0 0.532292 0.447917 0.014063 0.023611
0 0.593099 0.343519 0.012240 0.021296
0 0.647396 0.291204 0.010937 0.018519
0 0.682031 0.274769 0.009896 0.015278
0 0.701432 0.257639 0.010677 0.015278
0 0.707812 0.241435 0.008333 0.011574
0 0.723828 0.236111 0.009635 0.015741
0 0.735938 0.225463 0.007812 0.010185
0 0.746484 0.196528 0.006510 0.012500
0 0.754427 0.178935 0.005208 0.011574
0 0.757422 0.162731 0.004948 0.008796
0 0.758203 0.186806 0.005990 0.010648
0 0.760807 0.133565 0.003906 0.007870
0 0.703125 0.297222 0.010417 0.007407
0 0.702083 0.302083 0.010937 0.006944
0 0.702604 0.307407 0.010417 0.009259
0 0.779948 0.338657 0.011458 0.014352
0 0.781380 0.363657 0.014323 0.011574
0 0.775911 0.521991 0.025260 0.029167
0 0.762109 0.605093 0.013802 0.020370
0 0.739062 0.588194 0.015625 0.021759
0 0.715234 0.596296 0.015365 0.021296
0 0.731510 0.609954 0.016146 0.020833
0 0.740495 0.616898 0.016406 0.020833
0 0.749349 0.622454 0.014844 0.022685
