0 0.234896 0.796759 0.025521 0.025000
0 0.233724 0.782407 0.022656 0.022222
0 0.236458 0.742130 0.025521 0.025000
0 0.237500 0.701389 0.025000 0.019444
0 0.241797 0.670370 0.020573 0.020370
0 0.248828 0.646759 0.016927 0.017593
0 0.312370 0.676620 0.022135 0.018981
0 0.306641 0.746528 0.021094 0.077315
0 0.410156 0.828704 0.021354 0.050000
0 0.398047 0.692593 0.011198 0.027778
0 0.400651 0.627778 0.018490 0.019444
0 0.335807 0.456019 0.007552 0.015741
0 0.397656 0.494907 0.014583 0.017593
0 0.441536 0.534028 0.015365 0.019907
0 0.477995 0.585185 0.013281 0.027778
0 0.495573 0.571528 0.011458 0.027315
0 0.491797 0.483333 0.010156 0.023148
0 0.508724 0.493981 0.011198 0.023148
0 0.507031 0.455556 0.009375 0.023148
0 0.495964 0.380093 0.008594 0.018519
0 0.511458 0.380556 0.009375 0.020370
0 0.493880 0.326389 0.006510 0.012963
0 0.505469 0.331713 0.007292 0.017130
0 0.502604 0.310185 0.006771 0.013889
0 0.496745 0.271991 0.007552 0.016204
0 0.481250 0.249074 0.006250 0.012037
0 0.618750 0.879630 0.027083 0.028704
0 0.467318 0.220602 0.005990 0.011574
0 0.457682 0.203704 0.006510 0.012037
0 0.466146 0.203935 0.005729 0.009722
0 0.453516 0.188426 0.005469 0.009259
0 0.459245 0.506481 0.018490 0.023148
