0 0.293099 0.422454 0.024740 0.061574
0 0.732552 0.643287 0.022396 0.056944
0 0.697786 0.478935 0.031510 0.149537
0 0.739193 0.499537 0.022656 0.060185
0 0.980599 0.793287 0.030469 0.064352
0 0.912891 0.578009 0.052865 0.051389
0 0.988802 0.597222 0.020833 0.066667
0 0.700521 0.217593 0.017188 0.047222
0 0.840234 0.264583 0.037760 0.022685
0 0.840234 0.248380 0.035677 0.024537
0 0.831901 0.213194 0.033594 0.031019
0 0.831510 0.196065 0.036458 0.025463
0 0.828776 0.175463 0.030469 0.031481
0 0.827995 0.162731 0.036198 0.029167
0 0.823047 0.133565 0.034115 0.035648
0 0.917578 0.221759 0.033073 0.030556
0 0.909766 0.193750 0.035677 0.030093
0 0.887500 0.117593 0.045833 0.050000
0 0.884896 0.074306 0.035417 0.029167
0 0.820052 0.093519 0.034375 0.027778
0 0.816276 0.079630 0.033073 0.025926
0 0.805990 0.064815 0.028125 0.027778
0 0.807031 0.056019 0.029167 0.024074
0 0.800521 0.009954 0.031771 0.018981
0 0.706901 0.047685 0.017969 0.035185
