1 0.371745 0.882639 0.027865 0.063426
1 0.627344 0.887963 0.019792 0.086111
1 0.619401 0.643750 0.029948 0.051389
1 0.579948 0.613426 0.025000 0.079630
1 0.582292 0.576852 0.023958 0.037963
1 0.544792 0.602778 0.021354 0.093519
1 0.573958 0.462963 0.021875 0.074074
1 0.553776 0.403704 0.014323 0.087037
1 0.546615 0.428704 0.016667 0.086111
1 0.363802 0.669213 0.018229 0.088426
1 0.355859 0.507407 0.022656 0.083333
1 0.414583 0.470833 0.021354 0.077778
1 0.406250 0.337963 0.022396 0.046296
1 0.602865 0.312500 0.017188 0.076852
1 0.543490 0.197222 0.020313 0.092593
1 0.602083 0.135185 0.020833 0.077778
1 0.499870 0.106944 0.028906 0.081481
1 0.133984 0.794676 0.018490 0.094907
