1 0.427995 0.971528 0.023177 0.056944
1 0.467318 0.949769 0.018490 0.081019
1 0.488281 0.960880 0.019271 0.078241
1 0.573438 0.942824 0.017188 0.075463
1 0.481901 0.863426 0.019531 0.076852
1 0.542708 0.815741 0.019271 0.089815
1 0.497135 0.796528 0.017708 0.074537
1 0.478906 0.794444 0.017708 0.071296
1 0.460938 0.797917 0.017708 0.078241
1 0.463542 0.739583 0.015625 0.048611
1 0.405990 0.656944 0.021354 0.055556
1 0.423958 0.656481 0.017708 0.049074
1 0.442708 0.687731 0.011979 0.064352
1 0.447005 0.662731 0.012760 0.039352
1 0.498177 0.703009 0.018229 0.072685
1 0.545964 0.651389 0.023177 0.076852
1 0.526693 0.435648 0.017969 0.075000
1 0.482943 0.391204 0.016927 0.071296
1 0.453776 0.385880 0.018490 0.068056
1 0.428776 0.395139 0.014323 0.075463
1 0.473698 0.236343 0.014583 0.064352
1 0.458203 0.227083 0.015365 0.074537
1 0.505599 0.130324 0.017448 0.074537
1 0.524479 0.129167 0.015625 0.073148
