0 0.537630 0.867593 0.025781 0.086111
0 0.500911 0.886111 0.021615 0.077778
0 0.400260 0.849769 0.028125 0.086574
0 0.391927 0.396759 0.026562 0.105556
0 0.425521 0.391667 0.020833 0.061111
0 0.507292 0.308333 0.020313 0.056481
0 0.444531 0.068287 0.018229 0.050463
0 0.631120 0.025231 0.015365 0.035648
0 0.618880 0.234491 0.018490 0.051389
0 0.654036 0.309028 0.022135 0.056019
0 0.663411 0.430556 0.022135 0.053704
0 0.641146 0.563657 0.023438 0.064352
0 0.670182 0.545370 0.022656 0.059259
0 0.677995 0.643056 0.023177 0.063889
0 0.686458 0.741204 0.024479 0.066667
0 0.834896 0.770370 0.055208 0.059259
0 0.693359 0.840741 0.027344 0.075926
0 0.700651 0.931019 0.033073 0.089815
0 0.799609 0.893519 0.030990 0.098148
0 0.805078 0.973380 0.029427 0.053241
