0 0.287109 0.463889 0.009115 0.016667
0 0.294401 0.569213 0.010156 0.025463
0 0.286719 0.652083 0.010937 0.027315
0 0.550260 0.982639 0.016146 0.034722
0 0.520964 0.953935 0.023698 0.092130
0 0.528255 0.722222 0.014323 0.035185
0 0.508203 0.593750 0.012240 0.028241
0 0.482943 0.537037 0.011198 0.025000
0 0.497656 0.524074 0.011979 0.025926
0 0.464453 0.465741 0.010156 0.021296
0 0.474349 0.444907 0.010156 0.022222
0 0.445182 0.387500 0.009635 0.016667
0 0.387630 0.313194 0.007552 0.013426
0 0.373958 0.283796 0.008333 0.012963
0 0.355208 0.271296 0.007812 0.013889
0 0.351953 0.253241 0.015365 0.024074
0 0.319271 0.219444 0.004687 0.010185
0 0.327344 0.220139 0.005729 0.008796
0 0.325391 0.211574 0.004427 0.008333
0 0.326042 0.193287 0.006771 0.018056
0 0.331771 0.186574 0.005208 0.009259
0 0.332552 0.173611 0.007812 0.016667
