1 0.552604 0.865278 0.019271 0.088889
1 0.480078 0.852315 0.022656 0.062963
1 0.488932 0.819444 0.016927 0.075926
1 0.508203 0.738194 0.018490 0.081944
1 0.502214 0.695370 0.017448 0.075926
1 0.516797 0.650926 0.015885 0.088889
1 0.492448 0.537269 0.019792 0.083796
1 0.516667 0.395833 0.018750 0.061111
1 0.443620 0.391667 0.013802 0.068519
1 0.627474 0.534491 0.012760 0.062500
1 0.651432 0.529861 0.014844 0.056944
1 0.706901 0.499537 0.014844 0.056481
1 0.828385 0.601157 0.020313 0.059722
1 0.938021 0.601389 0.020313 0.081481
1 0.935937 0.586343 0.021354 0.081019
1 0.971354 0.623380 0.018229 0.051389
1 0.646875 0.550694 0.020313 0.024537
1 0.667839 0.549537 0.015365 0.023148
