0 0.522005 0.893981 0.016406 0.047222
0 0.542188 0.821991 0.015625 0.046759
0 0.511979 0.613889 0.018229 0.075000
0 0.528125 0.601389 0.012500 0.033333
0 0.504036 0.485185 0.010156 0.022222
0 0.485417 0.419907 0.010417 0.016667
0 0.463021 0.395602 0.009375 0.017130
0 0.474219 0.384259 0.009375 0.018519
0 0.446094 0.353241 0.009375 0.014815
0 0.445964 0.333333 0.009115 0.015741
0 0.419792 0.300231 0.008333 0.013426
0 0.369661 0.252083 0.007031 0.010648
0 0.355729 0.228935 0.007292 0.010648
0 0.342448 0.220602 0.006771 0.011574
0 0.341536 0.206713 0.011719 0.019907
0 0.328385 0.178935 0.004687 0.009722
0 0.335026 0.182407 0.004948 0.009259
0 0.338151 0.176157 0.004427 0.007870
0 0.346745 0.161343 0.008594 0.015278
0 0.323177 0.481019 0.008333 0.013889
0 0.311849 0.494907 0.008073 0.016667
