0 0.241146 0.921065 0.045833 0.046759
0 0.252214 0.895139 0.039323 0.036574
0 0.251042 0.867593 0.040104 0.037037
0 0.253255 0.821296 0.044531 0.039815
0 0.294531 0.564815 0.040104 0.037037
0 0.399609 0.963657 0.025781 0.072685
0 0.620833 0.821759 0.021875 0.062037
0 0.615104 0.759259 0.021875 0.065741
0 0.765625 0.839120 0.050000 0.043981
0 0.925260 0.865741 0.046875 0.040741
0 0.899740 0.772917 0.046354 0.038426
0 0.896354 0.744213 0.043229 0.036574
0 0.694792 0.494444 0.018750 0.047222
0 0.666927 0.457176 0.028125 0.030093
0 0.678776 0.397685 0.017448 0.038889
0 0.673177 0.315509 0.017708 0.043981
0 0.654167 0.213426 0.012500 0.024074
0 0.712370 0.223843 0.027865 0.027315
0 0.708464 0.181944 0.028906 0.030556
0 0.703255 0.164815 0.031510 0.025926
0 0.579036 0.106944 0.021094 0.031481
0 0.667188 0.081481 0.013542 0.031481
0 0.630729 0.017824 0.011458 0.021759
