0 0.394010 0.205093 0.027083 0.090741
0 0.497656 0.259028 0.019792 0.050463
0 0.415104 0.484954 0.021354 0.064352
0 0.626172 0.013194 0.019010 0.025463
0 0.627344 0.060417 0.016667 0.038426
0 0.699609 0.115046 0.017969 0.046759
0 0.716276 0.179630 0.018490 0.041667
0 0.719531 0.219676 0.017708 0.044907
0 0.745182 0.243981 0.017969 0.048148
0 0.728125 0.294444 0.039062 0.037963
0 0.722135 0.324769 0.021354 0.049537
0 0.727604 0.373843 0.020313 0.048611
0 0.734766 0.432407 0.023698 0.053704
0 0.788021 0.516435 0.024479 0.064352
0 0.749479 0.551157 0.020833 0.049537
0 0.661328 0.634722 0.021094 0.062963
0 0.812109 0.656713 0.027344 0.077315
0 0.773307 0.698611 0.035156 0.066667
0 0.770443 0.753935 0.027344 0.067130
0 0.781510 0.854630 0.026562 0.068519
0 0.837630 0.869213 0.027344 0.069907
0 0.722786 0.934954 0.030990 0.081944
0 0.794271 0.943056 0.027083 0.079630
0 0.842187 0.948611 0.023438 0.083333
