0 0.379948 0.947917 0.024479 0.062500
0 0.462500 0.642824 0.019792 0.037500
0 0.521354 0.538426 0.015104 0.025926
0 0.549609 0.486343 0.016406 0.026389
0 0.567839 0.433102 0.013802 0.018056
0 0.585938 0.426157 0.014063 0.024537
0 0.565495 0.356250 0.012240 0.010648
0 0.563411 0.378009 0.012760 0.031019
0 0.610026 0.393056 0.012240 0.016667
0 0.643359 0.328935 0.011198 0.018056
0 0.648828 0.341435 0.010677 0.013426
0 0.646224 0.385185 0.010677 0.011111
0 0.668359 0.289352 0.009115 0.014815
0 0.680599 0.271065 0.009115 0.015278
0 0.695443 0.212269 0.004948 0.009722
0 0.702474 0.174074 0.004427 0.008333
0 0.696094 0.179167 0.004687 0.010185
0 0.694531 0.166435 0.004167 0.009722
0 0.692448 0.156713 0.004167 0.008796
0 0.700000 0.161111 0.004687 0.007407
0 0.741797 0.458565 0.016927 0.014352
0 0.951823 0.553009 0.020833 0.023611
0 0.763281 0.718750 0.032813 0.039352
0 0.928385 0.915972 0.019792 0.042130
0 0.943750 0.926620 0.019792 0.037500
0 0.727214 0.843056 0.019531 0.033333
0 0.761328 0.871991 0.020573 0.036574
0 0.777734 0.887500 0.020052 0.038889
0 0.697266 0.863657 0.020052 0.037500
0 0.721354 0.885417 0.018750 0.036574
0 0.734505 0.897222 0.020052 0.036111
0 0.746484 0.906250 0.019010 0.038426
0 0.761589 0.922454 0.021094 0.037500
0 0.636719 0.919213 0.029167 0.038426
0 0.631771 0.935417 0.025000 0.031019
0 0.619010 0.293750 0.009896 0.009722
0 0.301693 0.490278 0.018490 0.013889
0 0.298307 0.499537 0.019531 0.014815
0 0.287891 0.518287 0.020573 0.014352
0 0.284896 0.526620 0.021875 0.015278
0 0.278516 0.529861 0.017448 0.010648
