0 0.357552 0.593056 0.026562 0.062037
0 0.336198 0.012731 0.017188 0.024537
0 0.705729 0.284954 0.020833 0.052315
0 0.809115 0.228935 0.035417 0.030093
0 0.816927 0.246065 0.039062 0.032870
0 0.821745 0.263194 0.041406 0.030093
0 0.823047 0.277778 0.041406 0.025000
0 0.824349 0.296065 0.044010 0.037500
0 0.896745 0.221065 0.037760 0.033796
0 0.891276 0.253241 0.037760 0.028704
0 0.901693 0.271528 0.042448 0.034722
0 0.908073 0.294676 0.040625 0.026389
0 0.912370 0.317130 0.041406 0.035185
0 0.831771 0.347454 0.039062 0.037500
0 0.843490 0.381713 0.041667 0.036574
0 0.733464 0.455093 0.021615 0.049074
0 0.853516 0.419907 0.044531 0.035185
0 0.861849 0.438889 0.037760 0.034259
0 0.867448 0.464815 0.048438 0.040741
0 0.875391 0.500926 0.044531 0.038889
0 0.942969 0.392824 0.040625 0.031019
0 0.950130 0.411343 0.039844 0.031019
0 0.954557 0.438426 0.043490 0.036111
0 0.932682 0.494213 0.030469 0.051389
0 0.770443 0.732176 0.027344 0.064352
0 0.906120 0.621759 0.046615 0.043519
0 0.908854 0.656713 0.047917 0.038426
0 0.929688 0.773148 0.049479 0.035185
0 0.926562 0.796528 0.051042 0.051389
0 0.950651 0.827778 0.051823 0.045370
0 0.959896 0.862963 0.052083 0.049074
0 0.809635 0.978935 0.027604 0.042130
0 0.972917 0.964120 0.054167 0.062500
0 0.405859 0.322222 0.017448 0.041667
