0 0.480729 0.955324 0.022396 0.068056
0 0.488802 0.770370 0.015625 0.045370
0 0.461198 0.750926 0.018229 0.052778
0 0.439844 0.736806 0.017188 0.049537
0 0.486458 0.567824 0.016146 0.034722
0 0.513672 0.559259 0.014323 0.032407
0 0.507943 0.527083 0.014844 0.035648
0 0.532031 0.479861 0.013542 0.026389
0 0.559896 0.412731 0.012500 0.024537
0 0.545964 0.407870 0.012760 0.021296
0 0.588932 0.347685 0.011719 0.015741
0 0.652083 0.283565 0.010417 0.016204
0 0.698177 0.246759 0.009375 0.013889
0 0.719792 0.236111 0.008333 0.012037
0 0.735677 0.221759 0.008333 0.012037
0 0.737500 0.206481 0.006771 0.011111
0 0.749219 0.203472 0.007292 0.012500
0 0.755859 0.192593 0.005990 0.010185
0 0.755599 0.171528 0.005469 0.011574
0 0.759896 0.155787 0.005208 0.010648
0 0.766146 0.156944 0.005208 0.007407
0 0.760156 0.140972 0.004687 0.009722
0 0.754427 0.119213 0.004167 0.006019
0 0.733073 0.332176 0.008333 0.010648
0 0.779948 0.359491 0.013542 0.010648
0 0.773047 0.511343 0.024740 0.028241
0 0.757682 0.590972 0.011719 0.018981
0 0.736328 0.575000 0.014844 0.020370
0 0.712500 0.583333 0.015625 0.020370
0 0.728516 0.595370 0.015885 0.020370
0 0.737109 0.601620 0.016406 0.020833
0 0.745964 0.606250 0.014844 0.023611
0 0.724089 0.295833 0.010677 0.012037
0 0.702734 0.295833 0.010156 0.007407
0 0.701823 0.300926 0.010937 0.007407
0 0.701823 0.305324 0.010937 0.008796
0 0.935156 0.410648 0.015625 0.012037
