1 0.309505 0.548148 0.051823 0.058333
1 0.424609 0.526620 0.025781 0.093056
1 0.452474 0.541667 0.024219 0.093519
1 0.600260 0.412963 0.018229 0.087037
1 0.344661 0.410185 0.027344 0.065741
1 0.337891 0.198380 0.019010 0.081944
1 0.516927 0.163426 0.020313 0.091667
1 0.592448 0.169676 0.029167 0.053241
1 0.545312 0.141204 0.023438 0.084259
1 0.334505 0.031713 0.019010 0.062500
1 0.094271 0.331713 0.018229 0.095833
1 0.565885 0.792361 0.022917 0.092130
1 0.552214 0.786343 0.017448 0.089352
1 0.552083 0.124537 0.021875 0.067593
1 0.560807 0.976852 0.032552 0.046296
1 0.641016 0.959491 0.023177 0.078241
