0 0.695443 0.614352 0.020573 0.056481
0 0.701302 0.472917 0.020833 0.056944
0 0.987630 0.610880 0.024740 0.059722
0 0.923438 0.551852 0.025521 0.049074
0 0.953906 0.459954 0.024479 0.047685
0 0.935807 0.397222 0.019010 0.057407
0 0.866146 0.380787 0.047396 0.043056
0 0.684115 0.160185 0.023958 0.108333
0 0.700651 0.036111 0.016927 0.033333
0 0.880599 0.091667 0.029427 0.026852
0 0.872917 0.068287 0.031771 0.025463
0 0.802083 0.084954 0.031250 0.026389
0 0.802344 0.069213 0.033333 0.022685
0 0.799609 0.053009 0.027865 0.027315
0 0.800000 0.042130 0.032813 0.025926
0 0.795052 0.016898 0.030729 0.029167
0 0.855078 0.012500 0.040365 0.024074
