0 0.543880 0.882176 0.042969 0.107870
0 0.610807 0.658565 0.038802 0.081944
0 0.664453 0.518519 0.033073 0.071296
0 0.673698 0.358565 0.038021 0.061574
0 0.739844 0.321065 0.029687 0.069907
0 0.706641 0.227778 0.024740 0.064815
0 0.717318 0.145139 0.029948 0.056944
0 0.665495 0.098611 0.035156 0.059259
0 0.666146 0.027083 0.032292 0.044907
0 0.392188 0.025926 0.047396 0.049074
0 0.283594 0.052083 0.021354 0.056019
0 0.297526 0.179398 0.026302 0.067130
0 0.345833 0.287500 0.035417 0.066667
0 0.526302 0.450694 0.052083 0.048611
0 0.593229 0.424537 0.053646 0.050000
