0 0.652604 0.938657 0.027604 0.088426
0 0.796875 0.972685 0.027083 0.054630
0 0.781901 0.853009 0.028385 0.075463
0 0.774479 0.776157 0.026042 0.064352
0 0.763932 0.693287 0.026302 0.067130
0 0.741536 0.526620 0.023177 0.058796
0 0.729818 0.424306 0.021094 0.047685
0 0.722656 0.364583 0.022396 0.050463
0 0.723828 0.319907 0.019531 0.048148
0 0.647266 0.330787 0.024219 0.047685
0 0.710286 0.215278 0.020052 0.048148
0 0.698438 0.155556 0.016667 0.045370
0 0.695964 0.118287 0.020052 0.038426
0 0.691797 0.083102 0.020052 0.046759
0 0.689583 0.050463 0.016667 0.034259
0 0.684115 0.018056 0.017708 0.035185
0 0.435417 0.030787 0.018229 0.059722
0 0.389583 0.270139 0.019792 0.058796
0 0.522526 0.472454 0.023177 0.059722
