0 0.272005 0.776157 0.026302 0.075463
0 0.315365 0.153009 0.028646 0.082870
0 0.391927 0.168750 0.019792 0.046759
0 0.421615 0.098380 0.016146 0.038426
0 0.352474 0.031481 0.015365 0.043519
0 0.669792 0.066898 0.016667 0.033796
0 0.771484 0.051852 0.017969 0.036111
0 0.844792 0.012963 0.033854 0.025000
0 0.904297 0.007176 0.034635 0.013426
0 0.790234 0.140741 0.021094 0.045370
0 0.798307 0.181250 0.019010 0.043056
0 0.869271 0.115046 0.038021 0.028241
0 0.931510 0.049074 0.033854 0.025926
0 0.935286 0.071759 0.035156 0.029630
0 0.943750 0.099537 0.032813 0.025000
0 0.946484 0.116435 0.036198 0.026389
0 0.955990 0.145602 0.035417 0.031944
0 0.880729 0.158565 0.038542 0.029167
0 0.681901 0.177778 0.019010 0.038889
0 0.716146 0.387037 0.024479 0.055556
0 0.694922 0.485417 0.022656 0.056019
0 0.741927 0.549306 0.023958 0.055093
0 0.788932 0.896296 0.031510 0.077778
0 0.936589 0.815972 0.051823 0.043981
0 0.948828 0.848380 0.054427 0.043056
0 0.957943 0.881944 0.058594 0.047222
0 0.962240 0.915509 0.058333 0.043056
0 0.965885 0.949769 0.064583 0.061574
