0 0.581771 0.814352 0.028125 0.074074
0 0.572135 0.686111 0.040104 0.096296
0 0.646354 0.486806 0.023958 0.052315
0 0.697526 0.302546 0.020573 0.044907
0 0.725260 0.206019 0.020833 0.040741
0 0.785937 0.187500 0.019271 0.031481
0 0.725260 0.134954 0.019271 0.032870
0 0.773047 0.071528 0.019010 0.033796
0 0.613151 0.089120 0.022135 0.029167
0 0.575521 0.063194 0.021875 0.028241
0 0.570833 0.035880 0.017708 0.028241
0 0.546354 0.014352 0.021354 0.027778
0 0.916536 0.406250 0.027865 0.045833
0 0.994531 0.946065 0.010937 0.070833
