0 0.482161 0.829167 0.019010 0.054630
0 0.452344 0.798380 0.018750 0.051389
0 0.481510 0.742361 0.016146 0.050463
0 0.498177 0.644213 0.014583 0.037500
0 0.494401 0.552315 0.015885 0.031481
0 0.518099 0.533796 0.014323 0.032407
0 0.537500 0.431944 0.014063 0.021296
0 0.597786 0.334722 0.011719 0.019444
0 0.652604 0.285880 0.010937 0.014352
0 0.685417 0.269907 0.009896 0.014815
0 0.704688 0.252315 0.010937 0.014815
0 0.710938 0.235880 0.007812 0.012500
0 0.725911 0.231481 0.009115 0.014815
0 0.736849 0.221065 0.008073 0.010648
0 0.747396 0.192130 0.006771 0.012963
0 0.754557 0.175926 0.004948 0.010185
0 0.758333 0.183333 0.005208 0.009259
0 0.757161 0.159954 0.004948 0.008796
0 0.759896 0.131250 0.004167 0.008796
0 0.773958 0.333333 0.010937 0.014815
0 0.780599 0.362269 0.013802 0.011574
0 0.702083 0.305324 0.011458 0.009722
0 0.701042 0.301157 0.010417 0.006944
0 0.702995 0.296065 0.011198 0.006944
0 0.774609 0.517824 0.025260 0.027315
0 0.760417 0.599769 0.013021 0.020833
0 0.738021 0.583102 0.015625 0.020833
0 0.713802 0.591435 0.015625 0.020833
0 0.730469 0.604167 0.015625 0.020370
0 0.738672 0.610880 0.016927 0.020833
0 0.747266 0.615972 0.014844 0.022685
