0 0.117057 0.870139 0.029427 0.030093
0 0.344141 0.970602 0.028385 0.058796
0 0.395182 0.795370 0.024740 0.057407
0 0.416667 0.528704 0.016667 0.050000
0 0.418229 0.490972 0.017708 0.013426
0 0.477604 0.584028 0.016667 0.030093
0 0.507031 0.549769 0.014063 0.029167
0 0.454948 0.401852 0.010417 0.012037
0 0.483724 0.467361 0.013281 0.015278
0 0.513151 0.415509 0.009115 0.016204
0 0.479557 0.383565 0.011719 0.013426
0 0.553906 0.385185 0.009375 0.020370
0 0.564583 0.312963 0.006771 0.015741
0 0.574870 0.304398 0.007031 0.014352
0 0.563151 0.278472 0.005990 0.012500
0 0.573177 0.272222 0.006250 0.012963
0 0.563411 0.261806 0.005469 0.013426
0 0.557813 0.227778 0.005208 0.012037
0 0.568490 0.227546 0.005729 0.011574
0 0.561849 0.205556 0.005990 0.012037
0 0.551562 0.197917 0.005208 0.009722
0 0.558073 0.195139 0.005208 0.009722
0 0.546875 0.175463 0.006250 0.011111
0 0.532813 0.167130 0.005729 0.007407
0 0.647656 0.625000 0.021354 0.016667
0 0.366667 0.555093 0.016146 0.015741
0 0.365234 0.546065 0.014323 0.011574
0 0.364453 0.524769 0.016927 0.015278
0 0.362891 0.501852 0.017448 0.013889
0 0.366016 0.482407 0.012760 0.013889
0 0.368750 0.470139 0.013542 0.013426
0 0.058594 0.928009 0.026562 0.033796
