1 0.563542 0.980324 0.033854 0.039352
1 0.634245 0.956250 0.023177 0.077315
1 0.551302 0.788194 0.017708 0.088426
1 0.565495 0.793519 0.020573 0.088889
1 0.598958 0.416667 0.018750 0.086111
1 0.518490 0.151852 0.020313 0.084259
1 0.547656 0.140972 0.027083 0.075463
1 0.549609 0.103009 0.019531 0.031944
1 0.591797 0.173148 0.029427 0.050926
1 0.450521 0.560185 0.022396 0.087963
1 0.422135 0.543287 0.025000 0.090278
1 0.308333 0.549769 0.052083 0.056944
1 0.343750 0.413194 0.029167 0.071759
1 0.336328 0.199306 0.020052 0.085648
1 0.331250 0.034954 0.020833 0.068981
1 0.099089 0.329861 0.020052 0.090278
