0 0.500000 0.796065 0.020313 0.071759
0 0.535417 0.759028 0.026562 0.076389
0 0.415365 0.608102 0.023438 0.071759
0 0.378385 0.585417 0.030729 0.119907
0 0.507552 0.252083 0.016667 0.052315
0 0.437500 0.204167 0.020313 0.055556
0 0.419531 0.053472 0.018750 0.047685
0 0.607031 0.033796 0.016146 0.044444
0 0.631510 0.037731 0.016667 0.035648
0 0.625000 0.329167 0.019271 0.054630
0 0.656120 0.337037 0.020573 0.060185
0 0.665365 0.466898 0.022917 0.055093
0 0.674219 0.600231 0.023438 0.061574
0 0.648438 0.714352 0.023438 0.072222
0 0.682813 0.710417 0.024479 0.066204
0 0.691016 0.823611 0.023698 0.069444
0 0.846354 0.857870 0.055729 0.062037
0 0.698047 0.930093 0.028385 0.078704
0 0.810417 0.970370 0.032292 0.059259
