0 0.729427 0.980556 0.027083 0.038889
0 0.250000 0.673380 0.028125 0.070833
0 0.357161 0.109722 0.017448 0.047222
0 0.708203 0.052315 0.017448 0.038889
0 0.808203 0.021528 0.032552 0.025463
0 0.808073 0.039352 0.032813 0.025926
0 0.813802 0.090509 0.031771 0.021759
0 0.813542 0.100231 0.032813 0.029167
0 0.825130 0.115741 0.034115 0.026852
0 0.828385 0.129861 0.034896 0.029167
0 0.895443 0.108796 0.035677 0.028704
0 0.831771 0.172222 0.034896 0.034259
0 0.838151 0.203704 0.038281 0.028704
0 0.838021 0.216435 0.031771 0.031944
0 0.841276 0.239583 0.037760 0.026389
0 0.842448 0.257407 0.033854 0.033333
0 0.850391 0.294444 0.037760 0.025000
0 0.852083 0.314120 0.038542 0.030093
0 0.898828 0.154630 0.046094 0.050000
0 0.921875 0.236574 0.035937 0.031481
0 0.930208 0.265278 0.034896 0.029630
0 0.747396 0.488657 0.019792 0.055093
0 0.701953 0.625231 0.034115 0.170833
0 0.743880 0.638889 0.022135 0.058333
0 0.926823 0.644444 0.055729 0.052778
0 0.992578 0.875463 0.014844 0.065741
