0 0.281380 0.384491 0.034115 0.112500
0 0.400000 0.028009 0.017188 0.039352
0 0.425130 0.057407 0.015365 0.036111
0 0.796615 0.050463 0.027604 0.033333
0 0.761719 0.093750 0.027604 0.032870
0 0.644922 0.155787 0.018490 0.043056
0 0.697786 0.185880 0.020573 0.040278
0 0.697266 0.270833 0.016927 0.037963
0 0.706771 0.390972 0.022396 0.049537
0 0.830859 0.339352 0.020573 0.050000
0 0.916406 0.281250 0.040104 0.031944
0 0.983854 0.266204 0.032292 0.031481
0 0.686849 0.459491 0.021615 0.047685
0 0.736068 0.566204 0.024740 0.064815
0 0.858984 0.478009 0.027344 0.065278
0 0.871094 0.535648 0.025521 0.055556
0 0.954818 0.434259 0.045573 0.036111
0 0.970964 0.499769 0.048177 0.037500
0 0.761719 0.725694 0.026042 0.063426
