0 0.750651 0.949074 0.042969 0.052778
0 0.764062 0.800000 0.029167 0.077778
0 0.748307 0.607407 0.026302 0.075000
0 0.826823 0.471065 0.041667 0.040278
0 0.798698 0.400231 0.042188 0.044907
0 0.715234 0.386111 0.024219 0.052778
0 0.789062 0.314583 0.041667 0.046759
0 0.774870 0.276157 0.035156 0.043981
0 0.700521 0.229630 0.022917 0.039815
0 0.721875 0.106481 0.019271 0.047222
0 0.689974 0.116204 0.020052 0.045370
0 0.676693 0.074537 0.018490 0.038889
0 0.673047 0.036574 0.017448 0.040741
0 0.472656 0.106250 0.017188 0.043981
0 0.404036 0.085880 0.019531 0.049537
