0 0.279167 0.502546 0.026042 0.060648
0 0.370703 0.017824 0.016927 0.034722
0 0.707161 0.051389 0.017969 0.030556
0 0.703646 0.249074 0.018229 0.051852
0 0.802604 0.020370 0.033333 0.024074
0 0.809896 0.069213 0.030729 0.022685
0 0.808724 0.079861 0.030469 0.027315
0 0.819792 0.092593 0.032813 0.025000
0 0.822917 0.107176 0.034896 0.029167
0 0.888542 0.087963 0.035937 0.030556
0 0.825521 0.149537 0.034896 0.033333
0 0.891797 0.132639 0.044531 0.048611
0 0.832161 0.178935 0.036719 0.028241
0 0.832552 0.192130 0.030729 0.031481
0 0.834635 0.213889 0.038021 0.026852
0 0.835547 0.231481 0.034115 0.033333
0 0.843620 0.267593 0.037760 0.026852
0 0.844141 0.283565 0.037760 0.027315
0 0.914714 0.210185 0.036719 0.032407
0 0.922526 0.239583 0.033073 0.029167
0 0.699479 0.530556 0.031250 0.154630
0 0.741797 0.499769 0.019531 0.057870
0 0.736719 0.647685 0.020313 0.055556
0 0.917578 0.604861 0.051823 0.049537
0 0.992708 0.624769 0.014583 0.067130
0 0.986589 0.825000 0.026823 0.063889
