0 0.485807 0.837037 0.016927 0.052778
0 0.456771 0.803704 0.018750 0.057407
0 0.431120 0.817361 0.018490 0.053241
0 0.479036 0.600231 0.016406 0.036574
0 0.501953 0.554861 0.013802 0.034722
0 0.506250 0.593287 0.015104 0.034722
0 0.525000 0.501620 0.013542 0.025463
0 0.534896 0.429398 0.013021 0.020833
0 0.551302 0.430324 0.013021 0.024537
0 0.578385 0.359954 0.013542 0.018056
0 0.641146 0.290278 0.011979 0.017593
0 0.689583 0.253241 0.009896 0.015741
0 0.713151 0.240972 0.008594 0.013426
0 0.729948 0.226157 0.009375 0.013426
0 0.732682 0.210880 0.006510 0.011574
0 0.745182 0.208333 0.008073 0.012963
0 0.752604 0.197222 0.005729 0.009259
0 0.753776 0.174537 0.005990 0.012037
0 0.758594 0.159259 0.005208 0.008333
0 0.764453 0.161343 0.005469 0.007870
0 0.760026 0.143981 0.004427 0.009259
0 0.755729 0.120370 0.004167 0.007407
0 0.733854 0.301389 0.011458 0.012963
0 0.728646 0.327315 0.007292 0.013889
0 0.779036 0.359259 0.013802 0.012037
0 0.772396 0.510185 0.025521 0.026852
0 0.757161 0.590046 0.012240 0.018981
0 0.735938 0.574306 0.015104 0.021759
0 0.711849 0.581944 0.014844 0.021296
0 0.728385 0.594444 0.016146 0.019444
0 0.736328 0.600926 0.016406 0.021296
0 0.745573 0.605556 0.015625 0.022222
0 0.702214 0.295139 0.010156 0.006944
0 0.701302 0.299306 0.011458 0.006944
0 0.701693 0.303935 0.010156 0.008796
0 0.910026 0.398148 0.013802 0.011111
