0 0.222266 0.868287 0.028385 0.075463
0 0.353385 0.769907 0.025000 0.064815
0 0.754557 0.728935 0.020052 0.063426
0 0.714974 0.687037 0.021094 0.075926
0 0.951953 0.754630 0.056510 0.055556
0 0.753125 0.460417 0.018229 0.049537
0 0.743229 0.312500 0.019792 0.050000
0 0.868750 0.384491 0.042188 0.033796
0 0.867839 0.365741 0.040365 0.030556
0 0.858203 0.324306 0.036198 0.032870
0 0.857552 0.303704 0.039583 0.031481
0 0.853125 0.278935 0.033333 0.033796
0 0.853516 0.265278 0.039844 0.030556
0 0.950521 0.333102 0.034375 0.031019
0 0.940625 0.301620 0.036979 0.031944
0 0.846484 0.230556 0.036719 0.035185
0 0.916276 0.212963 0.047135 0.050926
0 0.842578 0.184722 0.035677 0.030556
0 0.839323 0.167824 0.035417 0.031019
0 0.912500 0.162037 0.036458 0.028704
0 0.827865 0.152778 0.027083 0.030556
0 0.828516 0.141898 0.032031 0.026389
0 0.820573 0.086111 0.033333 0.026852
0 0.820443 0.067130 0.034115 0.024074
0 0.806901 0.009259 0.032552 0.017593
0 0.873047 0.405787 0.038281 0.026389
