1 0.357031 0.982176 0.017188 0.035648
1 0.429167 0.979398 0.021875 0.041204
1 0.559505 0.963194 0.036198 0.073611
1 0.612370 0.933565 0.021615 0.097685
1 0.611068 0.831250 0.019010 0.086574
1 0.550260 0.747222 0.017188 0.075926
1 0.654167 0.695370 0.021875 0.068519
1 0.564844 0.536111 0.024479 0.086111
1 0.552734 0.533565 0.016927 0.083796
1 0.450521 0.246296 0.022917 0.083333
1 0.425521 0.238657 0.025521 0.090278
1 0.605859 0.165509 0.018490 0.081019
1 0.345313 0.154861 0.027604 0.063426
1 0.087760 0.085417 0.022917 0.084722
