1 0.557422 0.853472 0.019010 0.089352
1 0.480078 0.850231 0.021094 0.067130
1 0.488411 0.817361 0.016406 0.074537
1 0.506120 0.748843 0.019531 0.078241
1 0.503646 0.700000 0.017188 0.060185
1 0.513932 0.657407 0.018490 0.080556
1 0.497266 0.549769 0.019010 0.079167
1 0.525911 0.412037 0.020052 0.065741
1 0.442969 0.391204 0.013021 0.069444
1 0.610026 0.449769 0.020052 0.072685
1 0.626953 0.535417 0.012760 0.056944
1 0.651432 0.526157 0.016927 0.049537
1 0.692839 0.510417 0.017448 0.077315
1 0.841146 0.600000 0.020313 0.062037
1 0.971354 0.623611 0.016146 0.052778
1 0.950911 0.598843 0.013281 0.078241
1 0.946615 0.584259 0.013542 0.078704
1 0.643620 0.549074 0.016406 0.027778
1 0.666927 0.550000 0.016146 0.025000
