0 0.504818 0.901157 0.015365 0.046759
0 0.498568 0.707870 0.012760 0.035185
0 0.474219 0.619676 0.012500 0.033796
0 0.490885 0.593519 0.013021 0.036111
0 0.467839 0.535185 0.010677 0.024074
0 0.479427 0.507639 0.010417 0.025463
0 0.447396 0.412963 0.017708 0.046296
0 0.452083 0.393981 0.010417 0.021296
0 0.426042 0.339352 0.008854 0.014815
0 0.405208 0.305787 0.009375 0.015278
0 0.387891 0.295139 0.008073 0.012500
0 0.392057 0.283565 0.008594 0.013426
0 0.367839 0.270139 0.008073 0.011574
0 0.360286 0.251620 0.007552 0.012500
0 0.336068 0.231944 0.007552 0.011111
0 0.296094 0.201157 0.005729 0.007870
0 0.289974 0.182639 0.004948 0.006944
0 0.282552 0.178241 0.004687 0.008333
0 0.287240 0.166898 0.006771 0.017130
0 0.290755 0.516204 0.009115 0.016667
