0 0.611979 0.921991 0.028125 0.077315
0 0.670964 0.622917 0.025260 0.064352
0 0.704297 0.465046 0.023177 0.054167
0 0.695964 0.380556 0.021615 0.045370
0 0.750130 0.284259 0.021615 0.041667
0 0.799349 0.138657 0.018490 0.035648
0 0.843880 0.161343 0.019531 0.030093
0 0.634115 0.181250 0.025000 0.031019
0 0.588021 0.145370 0.023958 0.030556
0 0.579818 0.113194 0.020052 0.031019
0 0.553646 0.084722 0.021354 0.035185
0 0.550521 0.057176 0.021354 0.037500
0 0.522786 0.021065 0.016927 0.035648
0 0.923698 0.482870 0.026042 0.051852
0 0.987760 0.615509 0.024479 0.056019
