1 0.480208 0.851620 0.020833 0.066204
1 0.488281 0.820370 0.016146 0.073148
1 0.555729 0.859028 0.019792 0.090278
1 0.506510 0.746065 0.019271 0.082870
1 0.503385 0.701389 0.016146 0.075926
1 0.514974 0.654398 0.015885 0.083796
1 0.493620 0.544907 0.017969 0.081481
1 0.520833 0.403241 0.019271 0.063889
1 0.442708 0.391435 0.013542 0.067130
1 0.620052 0.456481 0.019792 0.069444
1 0.626953 0.534954 0.012240 0.061574
1 0.651432 0.529861 0.016406 0.058796
1 0.699219 0.504167 0.017708 0.072222
1 0.834766 0.599769 0.020052 0.061574
1 0.940755 0.600000 0.021094 0.075926
1 0.936979 0.585185 0.020313 0.080556
1 0.971094 0.624306 0.018229 0.051389
1 0.645703 0.550231 0.017969 0.028241
1 0.666797 0.550926 0.016406 0.025000
