0 0.308724 0.456250 0.021094 0.060648
0 0.388802 0.210648 0.020833 0.045370
0 0.420182 0.114815 0.016927 0.037963
0 0.334896 0.022454 0.023958 0.043981
0 0.664583 0.028009 0.017188 0.029167
0 0.776563 0.078241 0.019792 0.040741
0 0.782943 0.116435 0.019531 0.037500
0 0.852474 0.055556 0.036198 0.028704
0 0.915885 0.016435 0.034896 0.028241
0 0.923698 0.042361 0.033333 0.023611
0 0.927083 0.057407 0.032292 0.025926
0 0.935286 0.082639 0.033073 0.028241
0 0.862109 0.094676 0.036198 0.028241
0 0.677995 0.136574 0.019010 0.034259
0 0.675130 0.323843 0.020052 0.053241
0 0.712891 0.357176 0.022656 0.055093
0 0.738802 0.522222 0.023438 0.053704
0 0.908854 0.684259 0.049479 0.041667
0 0.919141 0.713657 0.050781 0.039352
0 0.927083 0.742361 0.055729 0.040278
0 0.930729 0.771759 0.055729 0.037037
0 0.934766 0.801157 0.059115 0.053241
0 0.783724 0.855787 0.029948 0.071759
0 0.949479 0.892824 0.050000 0.049537
0 0.967839 0.953009 0.056510 0.052315
