0 0.398438 0.821296 0.020833 0.047222
0 0.420182 0.701620 0.020573 0.037500
0 0.450781 0.609954 0.018229 0.038426
0 0.508203 0.480787 0.013281 0.026389
0 0.530729 0.452083 0.011979 0.022685
0 0.432031 0.487037 0.016146 0.044444
0 0.433333 0.454167 0.015104 0.012963
0 0.481380 0.387500 0.011719 0.012963
0 0.494531 0.433565 0.011979 0.013426
0 0.491016 0.358565 0.011719 0.013426
0 0.523307 0.387269 0.009115 0.016204
0 0.567708 0.329167 0.008333 0.017593
0 0.571615 0.270602 0.007292 0.016204
0 0.570443 0.243981 0.005469 0.012037
0 0.580729 0.261574 0.006250 0.012963
0 0.578776 0.237731 0.005990 0.010648
0 0.569792 0.229398 0.005729 0.012500
0 0.563151 0.200463 0.005469 0.011111
0 0.572786 0.200000 0.005990 0.012037
0 0.565495 0.182176 0.005469 0.010648
0 0.560937 0.173148 0.005208 0.009259
0 0.554297 0.173843 0.005469 0.008796
0 0.548438 0.155324 0.005729 0.010648
0 0.536198 0.150000 0.006771 0.008333
0 0.647656 0.574769 0.018750 0.015278
0 0.016406 0.865741 0.032292 0.027778
0 0.016146 0.844444 0.031250 0.023148
0 0.029557 0.833102 0.032031 0.022685
0 0.032422 0.816204 0.033073 0.021296
0 0.052214 0.775694 0.030990 0.022685
0 0.059375 0.755787 0.029167 0.020833
0 0.168750 0.762037 0.025000 0.022222
0 0.386328 0.509259 0.014844 0.012963
0 0.384896 0.500694 0.011458 0.009722
0 0.384375 0.483333 0.015104 0.014815
0 0.381771 0.462731 0.016667 0.012500
0 0.384896 0.446065 0.011979 0.013426
0 0.386589 0.434722 0.013802 0.012037
0 0.085156 0.872222 0.035417 0.029630
