0 0.259115 0.807176 0.017708 0.037500
0 0.288802 0.699074 0.011979 0.029630
0 0.278906 0.465509 0.007812 0.014352
0 0.539974 0.796528 0.015885 0.043981
0 0.509375 0.688889 0.013021 0.032407
0 0.527995 0.675000 0.013281 0.036111
0 0.490755 0.578009 0.012760 0.026389
0 0.505859 0.556944 0.011198 0.027778
0 0.477865 0.473380 0.011458 0.020833
0 0.415625 0.368750 0.009896 0.015278
0 0.402865 0.331481 0.009375 0.013889
0 0.380729 0.314815 0.008854 0.014815
0 0.377734 0.293056 0.017448 0.027778
0 0.335938 0.252315 0.005729 0.012037
0 0.343229 0.250463 0.006250 0.011111
0 0.338802 0.239352 0.005729 0.010185
0 0.334766 0.220370 0.006510 0.018519
0 0.337240 0.210880 0.003646 0.007870
0 0.334766 0.196528 0.008073 0.018056
0 0.350391 0.190741 0.004948 0.009259
