0 0.420182 0.842130 0.022135 0.052778
0 0.448047 0.728472 0.022656 0.046759
0 0.475000 0.612731 0.016667 0.031944
0 0.495443 0.605324 0.017969 0.038426
0 0.526953 0.534722 0.015885 0.027778
0 0.512891 0.425694 0.014323 0.038426
0 0.514453 0.399306 0.014323 0.011574
0 0.561979 0.464352 0.014063 0.021296
0 0.569010 0.429630 0.013542 0.024074
0 0.606250 0.363426 0.010937 0.019444
0 0.620703 0.341667 0.009635 0.018519
0 0.569141 0.323380 0.010677 0.012500
0 0.646875 0.261111 0.006250 0.013889
0 0.647135 0.218056 0.006250 0.012037
0 0.655599 0.210417 0.005469 0.010648
0 0.646745 0.200000 0.004948 0.009259
0 0.653516 0.193750 0.004948 0.008796
0 0.645573 0.188194 0.004687 0.010648
0 0.645703 0.165972 0.004948 0.009722
0 0.636849 0.165741 0.004427 0.009259
0 0.636719 0.151157 0.005208 0.008796
0 0.630599 0.144676 0.004948 0.007870
0 0.623437 0.142824 0.005208 0.007870
0 0.616797 0.129398 0.005469 0.009722
0 0.607292 0.127546 0.005208 0.007870
0 0.707422 0.511806 0.016927 0.013426
0 0.752474 0.846991 0.035156 0.045833
0 0.210026 0.592824 0.022135 0.016204
0 0.205990 0.605556 0.022917 0.017593
0 0.192057 0.631481 0.024740 0.016667
0 0.190495 0.643287 0.023177 0.018056
0 0.180599 0.648611 0.025260 0.016667
0 0.180990 0.659028 0.026562 0.013426
