1 0.054036 0.923380 0.020573 0.074537
1 0.063281 0.878241 0.019271 0.077778
1 0.086589 0.906944 0.017969 0.081481
1 0.117578 0.824537 0.016927 0.073148
1 0.039323 0.834491 0.022396 0.058796
1 0.043750 0.798148 0.017188 0.048148
1 0.050260 0.611111 0.013542 0.067593
1 0.076563 0.605556 0.015104 0.066667
1 0.089063 0.583796 0.013021 0.072222
1 0.029427 0.517130 0.015104 0.063889
1 0.076432 0.449074 0.015885 0.064815
1 0.058724 0.284491 0.013802 0.063426
1 0.063411 0.306944 0.012240 0.059259
1 0.161849 0.556481 0.011719 0.051852
1 0.180729 0.551852 0.016146 0.058333
1 0.231510 0.624537 0.021354 0.074074
1 0.252214 0.633102 0.013281 0.066204
1 0.414193 0.534954 0.022135 0.072685
1 0.455339 0.607870 0.015365 0.044444
1 0.468750 0.575000 0.020833 0.073148
1 0.366797 0.558796 0.010156 0.057407
1 0.357682 0.573843 0.021094 0.056944
