0 0.313542 0.446065 0.006771 0.013426
0 0.616276 0.965046 0.019531 0.055093
0 0.603516 0.794907 0.018490 0.043519
0 0.561979 0.692593 0.015625 0.037037
0 0.567969 0.637037 0.030729 0.074074
0 0.488542 0.475694 0.010417 0.020833
0 0.493880 0.457176 0.010677 0.019907
0 0.479557 0.425694 0.010156 0.017130
0 0.457943 0.379398 0.014844 0.031019
0 0.441667 0.374074 0.008854 0.014815
0 0.426302 0.334259 0.010417 0.025000
0 0.430469 0.313426 0.006771 0.014815
0 0.418750 0.285417 0.005729 0.013426
0 0.428125 0.283565 0.005729 0.010648
0 0.431641 0.268750 0.006510 0.012500
0 0.442188 0.248380 0.006771 0.010648
0 0.442057 0.238426 0.007552 0.010185
