0 0.396484 0.435648 0.004948 0.010185
0 0.545833 0.734028 0.011979 0.028241
0 0.523307 0.484259 0.006510 0.018519
0 0.512891 0.469907 0.005990 0.014815
0 0.516536 0.420833 0.005990 0.013889
0 0.502474 0.387269 0.006510 0.012500
0 0.500781 0.357870 0.005729 0.012963
0 0.492318 0.343056 0.005990 0.010185
0 0.483203 0.341898 0.006510 0.010648
0 0.469401 0.318056 0.007552 0.010185
0 0.418750 0.272222 0.006771 0.009259
0 0.405599 0.257639 0.006510 0.008796
0 0.402734 0.262963 0.007552 0.009259
0 0.378906 0.250463 0.006771 0.007407
