1 0.242448 0.950000 0.020313 0.062963
1 0.253776 0.922917 0.015365 0.080093
1 0.334115 0.905787 0.018229 0.086574
1 0.264714 0.689815 0.016406 0.084259
1 0.293750 0.700463 0.019271 0.081481
1 0.308203 0.671296 0.017969 0.084259
1 0.254948 0.454167 0.021875 0.087037
1 0.270703 0.253935 0.017448 0.057870
1 0.235547 0.247454 0.022135 0.078241
1 0.396615 0.617361 0.014063 0.060648
1 0.416667 0.612037 0.022396 0.065741
1 0.517578 0.694213 0.022135 0.084722
1 0.536458 0.700463 0.014583 0.065741
1 0.665365 0.648843 0.021875 0.071759
1 0.749089 0.695370 0.017969 0.052778
1 0.814583 0.658333 0.017188 0.087963
