0 0.371094 0.790509 0.025000 0.065278
0 0.380859 0.309028 0.019010 0.047685
0 0.779557 0.942824 0.024740 0.071759
0 0.760286 0.668056 0.023698 0.065741
0 0.913021 0.710880 0.047396 0.039352
0 0.905339 0.684491 0.050781 0.034722
0 0.899609 0.656019 0.048177 0.038889
0 0.895443 0.629398 0.045052 0.031944
0 0.881901 0.570370 0.041406 0.038889
0 0.983854 0.579167 0.032292 0.038889
0 0.974349 0.539120 0.041927 0.035648
0 0.880078 0.546528 0.044010 0.036574
0 0.873958 0.512269 0.038542 0.040278
0 0.871745 0.492593 0.044531 0.033333
0 0.939714 0.424306 0.054427 0.057870
0 0.862109 0.449769 0.044010 0.040278
0 0.855208 0.388657 0.040625 0.036574
0 0.730078 0.425231 0.020573 0.046759
0 0.848177 0.366898 0.040625 0.034722
0 0.834635 0.347685 0.033333 0.036111
0 0.834115 0.333333 0.037500 0.028704
0 0.929688 0.356019 0.040104 0.033333
0 0.822135 0.260417 0.038542 0.030093
0 0.820182 0.238657 0.037760 0.032870
0 0.706641 0.275694 0.022135 0.047685
0 0.800521 0.160185 0.034896 0.026852
0 0.795052 0.135185 0.038542 0.033333
0 0.792057 0.116204 0.028385 0.022222
0 0.785286 0.105787 0.036198 0.022685
0 0.845182 0.152083 0.023177 0.035648
0 0.867448 0.118750 0.035937 0.029167
0 0.864714 0.100694 0.032031 0.024537
0 0.859245 0.088889 0.032552 0.022222
0 0.777734 0.081250 0.034115 0.029167
0 0.770312 0.058796 0.030729 0.030556
0 0.837630 0.038889 0.033073 0.028704
0 0.833724 0.023843 0.030469 0.022685
0 0.830469 0.009954 0.035937 0.018981
0 0.765495 0.024769 0.036719 0.031944
