0 0.323177 0.957176 0.033333 0.085648
0 0.391016 0.533796 0.022135 0.054630
0 0.337500 0.187731 0.018750 0.048611
0 0.398307 0.137963 0.017969 0.041667
0 0.797266 0.954167 0.026302 0.072222
0 0.972526 0.985417 0.054948 0.029167
0 0.966276 0.958796 0.056510 0.044444
0 0.956771 0.921991 0.055729 0.046759
0 0.951823 0.887269 0.052604 0.041204
0 0.934375 0.811574 0.047396 0.044444
0 0.930729 0.779861 0.051562 0.041204
0 0.924089 0.739120 0.044010 0.047685
0 0.921615 0.712963 0.050000 0.037963
0 0.769141 0.696296 0.026823 0.062963
0 0.907031 0.658565 0.049479 0.053241
0 0.982031 0.628704 0.035937 0.070370
0 0.898438 0.583102 0.045312 0.042130
0 0.891276 0.554861 0.045573 0.034722
0 0.871094 0.530556 0.041667 0.041667
0 0.873958 0.513426 0.043229 0.033333
0 0.979297 0.542130 0.041406 0.038889
0 0.731250 0.445602 0.021354 0.049537
0 0.857682 0.423380 0.042448 0.033796
0 0.855599 0.394907 0.041406 0.036111
0 0.707552 0.284491 0.021354 0.049537
0 0.831771 0.302083 0.040625 0.031019
0 0.825521 0.273380 0.042708 0.036574
0 0.821224 0.252083 0.032031 0.029167
0 0.813151 0.236806 0.039323 0.027315
0 0.881510 0.295370 0.027083 0.040741
0 0.903906 0.252546 0.039062 0.033796
0 0.901042 0.230787 0.034896 0.026389
0 0.895052 0.217593 0.035937 0.026852
0 0.805208 0.206944 0.036979 0.031481
0 0.796094 0.180787 0.033333 0.031944
0 0.790885 0.140278 0.040104 0.036111
0 0.869010 0.157407 0.036458 0.029630
0 0.866276 0.137963 0.034635 0.024074
0 0.861068 0.118056 0.036719 0.028704
