0 0.591406 0.873611 0.019271 0.050926
0 0.600781 0.797685 0.039583 0.107407
0 0.505469 0.557639 0.011979 0.024537
0 0.511198 0.531944 0.012500 0.025000
0 0.494661 0.489815 0.012240 0.022222
0 0.469010 0.431481 0.017188 0.036111
0 0.453516 0.434259 0.010677 0.017593
0 0.432422 0.378241 0.013281 0.028704
0 0.432422 0.351620 0.008594 0.016204
0 0.414974 0.319676 0.006510 0.016204
0 0.424870 0.315972 0.005990 0.012500
0 0.425260 0.297917 0.006771 0.014352
0 0.432161 0.273611 0.005990 0.012037
0 0.429297 0.264120 0.007031 0.012500
