0 0.426302 0.687731 0.019792 0.042130
0 0.492578 0.509028 0.016406 0.027315
0 0.542708 0.444907 0.013021 0.022222
0 0.569271 0.407176 0.015104 0.021759
0 0.584245 0.368981 0.012760 0.016667
0 0.564323 0.336111 0.012500 0.010185
0 0.602344 0.361574 0.013021 0.021296
0 0.623047 0.338657 0.009635 0.017130
0 0.638411 0.350694 0.013281 0.008796
0 0.639583 0.355093 0.009375 0.007407
0 0.639844 0.361111 0.011979 0.008333
0 0.650521 0.287269 0.009896 0.018056
0 0.659375 0.292361 0.009375 0.012500
0 0.670182 0.256713 0.008594 0.013426
0 0.679818 0.238426 0.007031 0.012963
0 0.689323 0.188657 0.004687 0.009722
0 0.689714 0.160880 0.004948 0.008796
0 0.694531 0.156019 0.004687 0.008333
0 0.686719 0.149306 0.004167 0.006019
0 0.691536 0.144676 0.004948 0.006944
0 0.683724 0.141435 0.004427 0.008796
0 0.729948 0.427546 0.015625 0.010648
0 0.868750 0.482870 0.018229 0.019444
0 0.743880 0.651389 0.028906 0.034259
0 0.751172 0.792593 0.014323 0.034259
0 0.738672 0.779630 0.018490 0.032407
0 0.708724 0.755787 0.017448 0.030093
0 0.680729 0.773380 0.017188 0.031019
0 0.701953 0.791435 0.018490 0.029167
0 0.712630 0.800926 0.018490 0.030556
0 0.724349 0.808333 0.017448 0.032407
0 0.737760 0.820370 0.018229 0.032407
0 0.888542 0.815046 0.017188 0.033796
0 0.900521 0.824769 0.014583 0.030093
0 0.624609 0.816204 0.025781 0.029630
0 0.615625 0.278935 0.009896 0.010648
0 0.316146 0.450926 0.017188 0.012037
0 0.313151 0.459259 0.019010 0.012963
0 0.303776 0.474769 0.019010 0.011574
0 0.300260 0.481019 0.022917 0.011111
