0 0.468750 0.832176 0.013542 0.043056
0 0.482031 0.662963 0.012500 0.039815
0 0.498568 0.615741 0.011198 0.028704
0 0.492188 0.515278 0.010417 0.021296
0 0.471354 0.464120 0.009896 0.022685
0 0.483464 0.450000 0.010156 0.025926
0 0.462500 0.414815 0.008854 0.017593
0 0.469922 0.393519 0.009115 0.018519
0 0.438932 0.331250 0.015885 0.033796
0 0.439714 0.314120 0.009115 0.015278
0 0.412630 0.278472 0.008073 0.011574
0 0.393099 0.254861 0.007552 0.012500
0 0.378385 0.237500 0.007812 0.012963
0 0.377865 0.247917 0.007812 0.009722
0 0.358073 0.229167 0.007292 0.010185
0 0.348438 0.212963 0.006771 0.011111
0 0.326953 0.196528 0.007031 0.008796
0 0.296745 0.172454 0.003906 0.007870
0 0.297917 0.157870 0.003646 0.005556
0 0.291927 0.155093 0.004167 0.008333
0 0.300521 0.145370 0.007812 0.015741
0 0.298177 0.510648 0.008854 0.016667
