0 0.422656 0.816204 0.023438 0.025926
0 0.349479 0.748843 0.020833 0.029167
0 0.476302 0.952546 0.018229 0.056944
0 0.503906 0.945139 0.017708 0.059722
0 0.510677 0.794907 0.015104 0.040741
0 0.511458 0.607639 0.013542 0.037500
0 0.489193 0.503009 0.010156 0.025463
0 0.480729 0.438194 0.007292 0.019907
0 0.478516 0.385880 0.009115 0.023611
0 0.490234 0.375000 0.007552 0.015741
0 0.480599 0.332870 0.007031 0.015741
0 0.459505 0.306250 0.007552 0.014352
0 0.467448 0.299537 0.007812 0.016667
0 0.449609 0.281944 0.007031 0.012037
0 0.451562 0.268056 0.007812 0.013889
0 0.421745 0.234722 0.014323 0.025000
0 0.414583 0.221991 0.007292 0.010648
0 0.439453 0.776157 0.033073 0.038426
