0 0.365365 0.862731 0.026042 0.068056
0 0.376563 0.348148 0.020833 0.047222
0 0.774479 0.936574 0.024479 0.068519
0 0.756250 0.655787 0.021875 0.063426
0 0.899870 0.642824 0.046615 0.032870
0 0.894271 0.619213 0.046875 0.034722
0 0.888021 0.592593 0.047396 0.037037
0 0.883724 0.568287 0.043490 0.035648
0 0.871224 0.513194 0.040885 0.039352
0 0.868620 0.488889 0.043490 0.035185
0 0.862630 0.456944 0.035677 0.038889
0 0.862240 0.439120 0.042188 0.032870
0 0.973958 0.521296 0.039583 0.036111
0 0.961328 0.481944 0.042448 0.034259
0 0.850651 0.398148 0.041406 0.040741
0 0.928385 0.373611 0.053125 0.056481
0 0.844792 0.339815 0.039062 0.034259
0 0.839323 0.319907 0.040104 0.033333
0 0.825260 0.301852 0.029687 0.034259
0 0.825781 0.287963 0.035937 0.025926
0 0.918620 0.308565 0.038281 0.033796
0 0.813542 0.218056 0.036979 0.028704
0 0.812630 0.196296 0.036198 0.027778
0 0.793359 0.122917 0.035156 0.030093
0 0.788802 0.100000 0.038542 0.033333
0 0.785026 0.081481 0.027865 0.023148
0 0.778776 0.070370 0.034115 0.024074
0 0.835807 0.112963 0.020573 0.036111
0 0.859245 0.084259 0.034635 0.029630
0 0.856510 0.065741 0.031250 0.023148
0 0.852083 0.055093 0.031250 0.023148
0 0.772656 0.047685 0.032292 0.027778
0 0.764714 0.026157 0.029948 0.028241
0 0.729557 0.415046 0.021615 0.047685
0 0.707292 0.266667 0.019792 0.050000
