0 0.235937 0.802315 0.028125 0.074074
0 0.381380 0.319213 0.019531 0.049537
0 0.416797 0.163426 0.017969 0.042593
0 0.668880 0.055787 0.017448 0.035648
0 0.708594 0.295370 0.022917 0.049074
0 0.734635 0.461806 0.021875 0.051389
0 0.707161 0.545602 0.023177 0.071759
0 0.855469 0.432407 0.042188 0.032407
0 0.864844 0.454630 0.044271 0.031481
0 0.870833 0.478704 0.046875 0.034259
0 0.873568 0.498380 0.048698 0.033796
0 0.875911 0.521296 0.051823 0.047222
0 0.954427 0.421528 0.044792 0.038426
0 0.950651 0.463426 0.042969 0.031481
0 0.964063 0.489815 0.047917 0.040741
0 0.971745 0.519676 0.046615 0.033796
0 0.976302 0.549074 0.047396 0.044444
0 0.885677 0.590509 0.044271 0.044907
0 0.901172 0.635185 0.048698 0.042593
0 0.775000 0.767361 0.028125 0.065278
0 0.914323 0.685185 0.052604 0.042593
0 0.924349 0.712269 0.042969 0.040278
0 0.932422 0.746528 0.055469 0.051389
0 0.943099 0.795370 0.052344 0.046296
0 0.978385 0.965509 0.043229 0.056944
