0 0.316146 0.280556 0.020833 0.051852
0 0.705208 0.984954 0.025521 0.030093
0 0.723047 0.634028 0.022656 0.056019
0 0.965365 0.726157 0.028646 0.060648
0 0.991406 0.614352 0.017188 0.056481
0 0.974609 0.540046 0.021094 0.062500
0 0.899479 0.523380 0.051042 0.048611
0 0.730208 0.490278 0.020313 0.059259
0 0.694531 0.382639 0.028125 0.134722
0 0.832292 0.213194 0.038021 0.031019
0 0.908073 0.185185 0.031250 0.027778
0 0.824089 0.177778 0.033073 0.029630
0 0.823698 0.161111 0.036979 0.025000
0 0.900000 0.159028 0.034896 0.029167
0 0.820573 0.141435 0.030208 0.029167
0 0.821224 0.129167 0.034635 0.027778
0 0.815365 0.101389 0.033333 0.030556
0 0.879557 0.085417 0.043490 0.046759
0 0.812630 0.062037 0.033594 0.024074
0 0.809505 0.048380 0.032552 0.025463
0 0.803516 0.036574 0.038281 0.025926
0 0.876823 0.042824 0.033333 0.026389
0 0.694531 0.156944 0.016667 0.040741
0 0.705208 0.043056 0.016667 0.033333
