0 0.240885 0.923611 0.046354 0.045370
0 0.251432 0.897685 0.040885 0.035185
0 0.250911 0.869676 0.041406 0.036574
0 0.253776 0.822222 0.044531 0.041667
0 0.294661 0.566898 0.039844 0.036574
0 0.411198 0.727778 0.021354 0.070370
0 0.621094 0.825000 0.022917 0.063889
0 0.614844 0.762037 0.022917 0.068519
0 0.765104 0.840509 0.049479 0.045833
0 0.925130 0.869444 0.047135 0.041667
0 0.900000 0.774074 0.045312 0.038889
0 0.896094 0.745370 0.043750 0.037037
0 0.694401 0.495602 0.018490 0.045833
0 0.666016 0.459491 0.028385 0.031944
0 0.678516 0.399537 0.018490 0.039815
0 0.672656 0.317130 0.016667 0.042593
0 0.653906 0.214352 0.013021 0.023148
0 0.711979 0.226157 0.028125 0.029167
0 0.708724 0.184028 0.028385 0.030093
0 0.702604 0.166667 0.032292 0.026852
0 0.666927 0.084259 0.013021 0.030556
0 0.569531 0.097454 0.015625 0.031019
0 0.629948 0.019907 0.013542 0.022222
