0 0.698438 0.983796 0.028125 0.032407
0 0.327474 0.215046 0.020573 0.052315
0 0.704167 0.042130 0.017188 0.034259
0 0.690365 0.128472 0.017708 0.045833
0 0.801302 0.021528 0.036979 0.026389
0 0.806250 0.036574 0.031771 0.025000
0 0.809375 0.047454 0.032813 0.026389
0 0.872266 0.029167 0.033594 0.027778
0 0.811719 0.085185 0.033333 0.032407
0 0.827214 0.195833 0.036198 0.027778
0 0.820964 0.160417 0.032552 0.029167
0 0.820964 0.145602 0.034635 0.024537
0 0.817318 0.125231 0.029948 0.030093
0 0.817969 0.113426 0.033854 0.027778
0 0.874609 0.069907 0.044010 0.046296
0 0.895182 0.141898 0.034115 0.031019
0 0.902865 0.168287 0.032292 0.030093
0 0.692969 0.340509 0.028125 0.132870
0 0.726172 0.479167 0.026302 0.073148
0 0.717057 0.630093 0.024740 0.058333
0 0.894531 0.497917 0.051562 0.046759
0 0.968359 0.513657 0.022135 0.063426
0 0.986979 0.587269 0.026042 0.056019
0 0.956901 0.693750 0.029948 0.057870
