0 0.364453 0.662037 0.034635 0.128704
0 0.499349 0.145370 0.019010 0.049074
0 0.636849 0.190046 0.018490 0.043981
0 0.636068 0.127315 0.019531 0.042593
0 0.626042 0.064120 0.018229 0.042130
0 0.623958 0.025231 0.018229 0.037500
0 0.691797 0.043519 0.016927 0.045370
0 0.693359 0.089352 0.016406 0.040741
0 0.716536 0.255324 0.020052 0.053241
0 0.735156 0.331944 0.020313 0.046296
0 0.739714 0.378009 0.021094 0.052315
0 0.765625 0.414352 0.020313 0.055556
0 0.759375 0.467130 0.043750 0.037963
0 0.744922 0.505556 0.021615 0.057407
0 0.750781 0.564815 0.022917 0.054630
0 0.759766 0.636574 0.026302 0.064815
0 0.818490 0.739583 0.028125 0.072685
0 0.776693 0.784491 0.024740 0.061574
0 0.847917 0.912269 0.030208 0.090278
0 0.805990 0.962037 0.041146 0.075926
0 0.670052 0.675000 0.022396 0.063889
