0 0.266406 0.563889 0.022917 0.060185
0 0.377474 0.362269 0.019010 0.050463
0 0.416146 0.186574 0.017188 0.040741
0 0.666797 0.041667 0.017448 0.035185
0 0.709766 0.289120 0.017969 0.050463
0 0.693490 0.436574 0.021354 0.066667
0 0.733984 0.454398 0.021615 0.051389
0 0.844401 0.382176 0.040365 0.031019
0 0.852865 0.401157 0.042188 0.030093
0 0.859375 0.423148 0.044792 0.031481
0 0.861198 0.441898 0.045833 0.027315
0 0.862891 0.464815 0.049740 0.043519
0 0.872396 0.529630 0.042708 0.040741
0 0.886849 0.571296 0.046094 0.042593
0 0.941146 0.371296 0.043229 0.039815
0 0.935677 0.411574 0.041146 0.035185
0 0.948307 0.435417 0.046094 0.038426
0 0.955339 0.462037 0.042969 0.032407
0 0.961979 0.490509 0.047396 0.042130
0 0.899219 0.617593 0.050521 0.039815
0 0.909375 0.642593 0.042188 0.043519
0 0.915625 0.673148 0.053125 0.050000
0 0.987891 0.582639 0.024219 0.036574
0 0.992188 0.608333 0.015625 0.034259
0 0.986719 0.711111 0.026562 0.060185
0 0.926042 0.720139 0.051562 0.043981
0 0.772656 0.753704 0.025521 0.065741
0 0.965104 0.877083 0.053646 0.054167
0 0.969141 0.918981 0.056510 0.046296
