0 0.793229 0.940278 0.030208 0.072222
0 0.782292 0.844676 0.028125 0.071759
0 0.756510 0.655556 0.023438 0.063889
0 0.744010 0.538889 0.021354 0.054630
0 0.736328 0.475694 0.023177 0.059722
0 0.737109 0.424074 0.019531 0.053704
0 0.721354 0.307176 0.022396 0.056019
0 0.708594 0.240972 0.019792 0.049537
0 0.705599 0.202546 0.021615 0.047685
0 0.701953 0.160185 0.021094 0.050000
0 0.698438 0.124537 0.020313 0.037963
0 0.692578 0.084722 0.018490 0.038889
0 0.677995 0.031019 0.035156 0.026852
0 0.673828 0.067130 0.034115 0.032407
0 0.645833 0.384028 0.020313 0.047685
0 0.521875 0.404861 0.022396 0.056944
0 0.423958 0.254167 0.027604 0.081481
0 0.369401 0.565046 0.023698 0.071759
