0 0.153906 0.950463 0.032292 0.034259
0 0.163932 0.898843 0.030469 0.029167
0 0.172266 0.861343 0.032031 0.031944
0 0.253776 0.906944 0.031510 0.026852
0 0.370052 0.825926 0.023958 0.027778
0 0.363672 0.934491 0.012760 0.043981
0 0.437500 0.951389 0.022917 0.057407
0 0.476172 0.895833 0.020052 0.057407
0 0.432682 0.670833 0.020052 0.024074
0 0.373307 0.619213 0.019010 0.024537
0 0.488151 0.666667 0.014844 0.037037
0 0.509375 0.660417 0.014583 0.038426
0 0.495964 0.546065 0.012240 0.030093
0 0.512891 0.549306 0.011198 0.029167
0 0.510156 0.495139 0.010417 0.021759
0 0.504167 0.412731 0.009375 0.025463
0 0.487109 0.361343 0.007552 0.016204
0 0.478646 0.315741 0.006250 0.014815
0 0.470052 0.286574 0.007292 0.016667
0 0.480990 0.283565 0.007292 0.012500
0 0.469141 0.256944 0.007552 0.013889
0 0.449740 0.638657 0.027604 0.035648
