1 0.507812 0.939120 0.023958 0.076389
1 0.543099 0.942593 0.025260 0.082407
1 0.602214 0.948611 0.015365 0.074074
1 0.578125 0.885417 0.015104 0.070833
1 0.553125 0.813426 0.018750 0.075000
1 0.530859 0.692593 0.017969 0.079630
1 0.474219 0.811574 0.019271 0.081481
1 0.453255 0.819676 0.019531 0.081944
1 0.411589 0.830093 0.022135 0.058333
1 0.467969 0.715046 0.017708 0.073611
1 0.481901 0.649537 0.016927 0.071296
1 0.464323 0.652083 0.017188 0.070833
1 0.447005 0.653009 0.014844 0.078241
1 0.450911 0.593519 0.015885 0.049074
1 0.484635 0.557176 0.018750 0.070833
1 0.532161 0.521759 0.027344 0.074074
1 0.391797 0.521065 0.023698 0.056019
1 0.408073 0.527315 0.018750 0.061111
1 0.429688 0.549306 0.014063 0.059722
1 0.431510 0.523843 0.014583 0.038426
1 0.512760 0.313194 0.017188 0.075463
1 0.439063 0.239120 0.021354 0.068056
1 0.467708 0.241667 0.016667 0.071296
1 0.459115 0.096991 0.016146 0.074537
1 0.413802 0.260880 0.015625 0.072685
