0 0.524609 0.963657 0.030990 0.072685
0 0.567448 0.803241 0.048438 0.100000
0 0.628385 0.608796 0.038021 0.078704
0 0.681250 0.467130 0.032292 0.064815
0 0.623698 0.408796 0.051562 0.056481
0 0.687630 0.327546 0.034635 0.061574
0 0.744010 0.262731 0.022917 0.066204
0 0.705339 0.187037 0.021094 0.060185
0 0.684635 0.078935 0.033333 0.055093
0 0.646094 0.068981 0.035937 0.054630
0 0.391016 0.025926 0.047135 0.050926
0 0.285286 0.033565 0.021094 0.066204
0 0.289193 0.144676 0.023177 0.060648
0 0.320443 0.264352 0.034635 0.064815
0 0.383203 0.348611 0.043490 0.068519
0 0.554297 0.451157 0.053385 0.046759
