0 0.574089 0.856019 0.019010 0.044444
0 0.529297 0.539583 0.008073 0.024537
0 0.517708 0.527083 0.009375 0.024537
0 0.523047 0.464352 0.008073 0.018519
0 0.511068 0.427546 0.008594 0.017130
0 0.514583 0.392824 0.006771 0.016204
0 0.508203 0.375231 0.007031 0.013426
0 0.499479 0.374769 0.006250 0.012500
0 0.488542 0.346528 0.007292 0.013426
0 0.446224 0.292130 0.007552 0.011111
0 0.431250 0.280787 0.006771 0.011574
0 0.429948 0.271528 0.007292 0.010648
0 0.409635 0.265972 0.007812 0.009722
0 0.399219 0.406019 0.005208 0.010185
