0 0.622266 0.913426 0.042448 0.129630
0 0.607943 0.986806 0.021094 0.026389
0 0.515495 0.612500 0.014844 0.029630
0 0.521615 0.581713 0.013542 0.026389
0 0.503385 0.529861 0.012500 0.022685
0 0.461849 0.472454 0.011198 0.019907
0 0.476042 0.464583 0.018750 0.038426
0 0.435937 0.406713 0.013542 0.031019
0 0.434896 0.377083 0.008854 0.018981
0 0.414583 0.341667 0.006250 0.014815
0 0.424740 0.336111 0.006771 0.012963
0 0.423438 0.316898 0.006250 0.015278
0 0.427865 0.290509 0.006250 0.012500
0 0.423177 0.281481 0.006771 0.012037
0 0.441016 0.268981 0.005469 0.011111
