0 0.345833 0.769676 0.021354 0.029167
0 0.421354 0.838426 0.025000 0.025926
0 0.509115 0.856481 0.015625 0.045370
0 0.511979 0.643981 0.014583 0.038889
0 0.489583 0.526620 0.010417 0.026389
0 0.480469 0.459954 0.007812 0.018981
0 0.479297 0.402546 0.009115 0.022685
0 0.491406 0.390972 0.007812 0.017130
0 0.481901 0.343981 0.007552 0.015741
0 0.460938 0.316898 0.008333 0.016204
0 0.468750 0.310185 0.008333 0.018519
0 0.450260 0.291204 0.007292 0.012963
0 0.452995 0.276389 0.008073 0.013889
0 0.423307 0.241898 0.014323 0.025463
0 0.416536 0.228704 0.005990 0.012037
0 0.436589 0.796528 0.033073 0.036574
