0 0.220052 0.884028 0.042708 0.134722
0 0.279297 0.704861 0.025781 0.070833
0 0.306901 0.190972 0.029948 0.093981
0 0.397396 0.059491 0.016667 0.039352
0 0.423828 0.064583 0.015365 0.034722
0 0.631771 0.045602 0.016667 0.038426
0 0.770443 0.010648 0.026823 0.020370
0 0.732422 0.051157 0.026302 0.032870
0 0.683594 0.134954 0.017708 0.033796
0 0.688932 0.211806 0.017448 0.035648
0 0.667318 0.290741 0.017969 0.048148
0 0.697786 0.326620 0.023177 0.043981
0 0.813151 0.256250 0.019531 0.045833
0 0.895573 0.205093 0.038021 0.030556
0 0.963021 0.190046 0.039062 0.029167
0 0.988542 0.254167 0.022396 0.029630
0 0.989974 0.283333 0.020052 0.032407
0 0.838542 0.381019 0.025521 0.059259
0 0.929688 0.343056 0.042188 0.032407
0 0.943620 0.400000 0.045052 0.035185
0 0.848307 0.433333 0.023698 0.054630
0 0.728646 0.512731 0.026042 0.062500
0 0.754557 0.672917 0.024219 0.061574
