0 0.402083 0.894444 0.026562 0.085185
0 0.361068 0.828472 0.033594 0.142130
0 0.498047 0.721296 0.023177 0.069444
0 0.532943 0.668287 0.023177 0.071759
0 0.427865 0.377546 0.021354 0.064352
0 0.410156 0.190509 0.020313 0.055093
0 0.507161 0.206713 0.018490 0.050463
0 0.611068 0.102778 0.017969 0.049074
0 0.631901 0.054398 0.016927 0.037500
0 0.714063 0.023611 0.031771 0.035185
0 0.969141 0.100231 0.053385 0.061574
0 0.658203 0.374769 0.021615 0.058796
0 0.630859 0.446065 0.021094 0.058796
0 0.667578 0.509954 0.023177 0.058796
0 0.678516 0.663194 0.023177 0.066204
0 0.687760 0.787500 0.026562 0.071296
0 0.658464 0.897917 0.026823 0.081019
0 0.698047 0.920139 0.025781 0.075463
0 0.860417 0.961111 0.058333 0.066667
