0 0.449089 0.933565 0.021615 0.068981
0 0.465495 0.672917 0.017969 0.043981
0 0.492708 0.679398 0.016146 0.043981
0 0.491146 0.625231 0.016667 0.041204
0 0.510807 0.555093 0.013281 0.030556
0 0.514583 0.477315 0.013542 0.025926
0 0.533724 0.469676 0.014323 0.028241
0 0.558073 0.386343 0.011979 0.019907
0 0.619141 0.307176 0.011719 0.018981
0 0.670443 0.265278 0.010156 0.014815
0 0.698828 0.251389 0.009115 0.014815
0 0.717057 0.236343 0.009635 0.015278
0 0.722005 0.220602 0.008073 0.011574
0 0.735807 0.216667 0.008594 0.013889
0 0.744661 0.206019 0.007031 0.010185
0 0.750260 0.180787 0.006250 0.011574
0 0.760417 0.169213 0.005208 0.009722
0 0.755469 0.165046 0.005729 0.010648
0 0.758073 0.150000 0.005729 0.008333
0 0.757161 0.124074 0.004427 0.008333
0 0.720573 0.318519 0.009375 0.011111
0 0.752214 0.313426 0.010156 0.013889
0 0.777995 0.356944 0.014323 0.012037
0 0.771354 0.508796 0.024479 0.028704
0 0.756510 0.587731 0.012500 0.019907
0 0.734896 0.571759 0.015104 0.023148
0 0.710807 0.580324 0.014844 0.020833
0 0.727344 0.592361 0.015625 0.020833
0 0.735677 0.598843 0.016667 0.020833
0 0.744401 0.603241 0.014844 0.024074
0 0.701302 0.293056 0.010417 0.008333
0 0.700391 0.296991 0.011198 0.007870
0 0.700781 0.301852 0.010417 0.009259
0 0.863802 0.375000 0.012500 0.010185
