0 0.362500 0.528241 0.020833 0.058333
0 0.408724 0.285185 0.018490 0.041667
0 0.323177 0.113194 0.016667 0.040278
0 0.662240 0.015741 0.017708 0.030556
0 0.706250 0.285880 0.019792 0.051389
0 0.817578 0.265278 0.037760 0.028704
0 0.824609 0.281944 0.040365 0.028704
0 0.830208 0.300926 0.042708 0.029630
0 0.831510 0.316898 0.042708 0.028241
0 0.832812 0.335880 0.045833 0.040278
0 0.905339 0.256713 0.039323 0.033796
0 0.901563 0.290741 0.038021 0.031481
0 0.912240 0.309954 0.042708 0.032870
0 0.918620 0.333796 0.041927 0.028704
0 0.923568 0.359722 0.042969 0.040741
0 0.732943 0.456019 0.023698 0.050000
0 0.841146 0.390278 0.040104 0.039815
0 0.852734 0.425926 0.042969 0.039815
0 0.863411 0.466204 0.044531 0.037963
0 0.872396 0.486806 0.039062 0.036574
0 0.878906 0.512731 0.048958 0.043981
0 0.954688 0.437037 0.042188 0.033333
0 0.962240 0.458333 0.041146 0.032407
0 0.967708 0.485185 0.045312 0.037963
0 0.945052 0.545370 0.031771 0.052778
0 0.770833 0.738889 0.027604 0.065741
0 0.918620 0.680787 0.049740 0.046759
0 0.922005 0.717593 0.049219 0.038889
0 0.944401 0.840972 0.049740 0.040278
0 0.941146 0.865278 0.055208 0.051852
0 0.966536 0.900694 0.054427 0.048611
0 0.974479 0.937963 0.051042 0.050926
0 0.810286 0.981944 0.028385 0.036111
