0 0.481771 0.812500 0.015104 0.052778
0 0.501563 0.733796 0.013021 0.035185
0 0.495312 0.596759 0.011458 0.027778
0 0.473438 0.531250 0.010937 0.026389
0 0.487370 0.513657 0.011719 0.031019
0 0.464974 0.467593 0.010156 0.021296
0 0.474609 0.444676 0.011198 0.023611
0 0.442708 0.367361 0.017188 0.042130
0 0.446094 0.350694 0.009375 0.018056
0 0.419792 0.306713 0.009375 0.014352
0 0.399219 0.278009 0.008854 0.011574
0 0.384896 0.258333 0.008333 0.013889
0 0.382943 0.269444 0.008073 0.012037
0 0.362891 0.247917 0.007552 0.010648
0 0.354036 0.231019 0.007552 0.011111
0 0.331250 0.213194 0.007292 0.008796
0 0.295964 0.186574 0.004948 0.008333
0 0.286719 0.165509 0.004687 0.008796
0 0.293359 0.169907 0.004427 0.005556
0 0.293359 0.155787 0.007552 0.016204
0 0.294922 0.513194 0.009115 0.016204
