0 0.241797 0.922917 0.046094 0.045833
0 0.252083 0.897685 0.040625 0.034259
0 0.252083 0.869213 0.040625 0.036574
0 0.253906 0.822917 0.044271 0.039352
0 0.295182 0.567593 0.039323 0.035185
0 0.422786 0.495602 0.019010 0.059722
0 0.621875 0.824074 0.023438 0.063889
0 0.615495 0.760417 0.022135 0.064352
0 0.765495 0.842130 0.047135 0.044444
0 0.925651 0.868519 0.045573 0.038889
0 0.900521 0.774769 0.043750 0.037500
0 0.896875 0.745833 0.043229 0.035185
0 0.694922 0.496296 0.017448 0.045370
0 0.667188 0.459491 0.027083 0.031944
0 0.679427 0.400000 0.016667 0.039815
0 0.672786 0.318056 0.017448 0.038889
0 0.655339 0.216435 0.013802 0.024537
0 0.713021 0.226389 0.028125 0.026852
0 0.708594 0.185185 0.029687 0.029630
0 0.703385 0.167824 0.031771 0.027315
0 0.667708 0.084954 0.013021 0.032870
0 0.566406 0.075231 0.011979 0.030093
0 0.630729 0.019213 0.011979 0.022685
