0 0.278646 0.464815 0.021354 0.054630
0 0.375000 0.386806 0.018750 0.051389
0 0.414583 0.201389 0.016667 0.039815
0 0.665365 0.036574 0.017188 0.036111
0 0.708594 0.287731 0.018750 0.050463
0 0.687109 0.390046 0.020573 0.064352
0 0.733724 0.453472 0.021094 0.051389
0 0.839583 0.359491 0.038542 0.031019
0 0.847266 0.379398 0.041406 0.031019
0 0.853776 0.400694 0.045052 0.031944
0 0.856120 0.419213 0.044010 0.029167
0 0.857422 0.439815 0.048177 0.043519
0 0.934115 0.349769 0.042188 0.035648
0 0.929297 0.388426 0.040885 0.030556
0 0.942318 0.410417 0.045052 0.037500
0 0.949349 0.437500 0.043490 0.032407
0 0.954948 0.464583 0.044792 0.042130
0 0.866667 0.502546 0.042188 0.040278
0 0.880859 0.542593 0.045573 0.039815
0 0.891536 0.588889 0.049740 0.037963
0 0.901563 0.612500 0.042188 0.037963
0 0.909245 0.644213 0.052865 0.046759
0 0.983594 0.554861 0.032813 0.034722
0 0.988151 0.578472 0.023698 0.033796
0 0.989844 0.610648 0.020313 0.036111
0 0.918099 0.687963 0.049740 0.042593
0 0.980599 0.679167 0.035156 0.059259
0 0.772266 0.750231 0.027344 0.066204
0 0.955990 0.837963 0.053646 0.051852
0 0.959766 0.880556 0.053385 0.045370
