0 0.491146 0.900231 0.026562 0.086574
0 0.394661 0.826389 0.032031 0.116667
0 0.414193 0.014352 0.017448 0.027778
0 0.521354 0.300000 0.020833 0.052778
0 0.646745 0.457870 0.023177 0.060185
0 0.787760 0.912500 0.027083 0.076852
0 0.771615 0.770833 0.026042 0.066667
0 0.761979 0.688889 0.025521 0.067593
0 0.761979 0.627315 0.023958 0.062963
0 0.743229 0.485417 0.023958 0.058796
0 0.728906 0.404167 0.021354 0.055556
0 0.725651 0.359028 0.024219 0.053241
0 0.720703 0.309722 0.021615 0.061111
0 0.716667 0.264120 0.019792 0.044907
0 0.710417 0.221296 0.021875 0.048148
0 0.689193 0.198611 0.036719 0.034259
0 0.692708 0.154861 0.038021 0.031019
0 0.650130 0.120139 0.020052 0.042130
0 0.698047 0.123843 0.016927 0.036574
0 0.729427 0.127778 0.015625 0.042593
0 0.728646 0.091204 0.016146 0.035185
0 0.692318 0.083565 0.018490 0.036574
0 0.686589 0.037037 0.016927 0.037037
0 0.689974 0.015278 0.023698 0.029630
0 0.843750 0.082639 0.023438 0.044907
