0 0.006641 0.689352 0.012760 0.092593
0 0.108984 0.350000 0.021094 0.061111
0 0.137240 0.260880 0.024479 0.062500
0 0.020182 0.032176 0.020573 0.053241
0 0.230599 0.167361 0.023177 0.060648
0 0.279036 0.278241 0.026302 0.069444
0 0.296094 0.417130 0.027083 0.065741
0 0.320052 0.608796 0.027604 0.074074
0 0.290365 0.689815 0.028646 0.080556
0 0.339714 0.773611 0.033594 0.077778
0 0.366797 0.960417 0.031510 0.079167
0 0.548698 0.978009 0.063021 0.043981
0 0.923828 0.270139 0.029948 0.050463
0 0.943229 0.298843 0.034896 0.056944
0 0.818229 0.525463 0.034896 0.073148
