0 0.395052 0.698380 0.020313 0.040278
0 0.430599 0.651389 0.016927 0.035185
0 0.294141 0.606019 0.018490 0.017593
0 0.291927 0.595370 0.017708 0.013889
0 0.290234 0.572222 0.022656 0.017593
0 0.289844 0.545139 0.019792 0.014352
0 0.292318 0.523380 0.015365 0.014352
0 0.296224 0.509491 0.014844 0.014352
0 0.350391 0.528935 0.017969 0.014352
0 0.348568 0.572685 0.018490 0.053704
0 0.419531 0.540509 0.008333 0.018056
0 0.420833 0.497685 0.015104 0.014815
0 0.379297 0.417593 0.009635 0.013889
0 0.415234 0.405324 0.012240 0.015278
0 0.451823 0.437963 0.010417 0.015741
0 0.484896 0.437963 0.011458 0.021296
0 0.501563 0.350463 0.007812 0.017593
0 0.512370 0.341204 0.007552 0.015741
0 0.500000 0.307870 0.006771 0.013889
0 0.511328 0.303472 0.007552 0.014352
0 0.501432 0.288657 0.007031 0.014352
0 0.494922 0.250463 0.005990 0.012963
0 0.505859 0.250000 0.006510 0.013889
0 0.488802 0.217130 0.005208 0.010185
0 0.499870 0.225000 0.005990 0.013889
0 0.495833 0.213426 0.005729 0.009259
0 0.484896 0.190741 0.006771 0.012037
0 0.469922 0.180787 0.005990 0.008796
0 0.595703 0.660417 0.021615 0.018056
