0 0.497135 0.951389 0.028646 0.089815
0 0.347396 0.920139 0.040104 0.151389
0 0.671354 0.694907 0.024479 0.070370
0 0.500130 0.103009 0.017969 0.048611
0 0.642057 0.248611 0.020052 0.049074
0 0.639323 0.181481 0.020313 0.046296
0 0.629687 0.112269 0.018750 0.046759
0 0.627214 0.071759 0.017969 0.040741
0 0.623958 0.026852 0.015625 0.036111
0 0.724609 0.038194 0.035677 0.041204
0 0.698047 0.093519 0.019010 0.048148
0 0.699609 0.138657 0.016406 0.041204
0 0.724219 0.317593 0.019792 0.054630
0 0.744010 0.402778 0.022396 0.053704
0 0.749089 0.450694 0.022656 0.055093
0 0.773828 0.493056 0.023177 0.060185
0 0.775130 0.545602 0.046615 0.039352
0 0.753646 0.589815 0.023958 0.067593
0 0.761589 0.654167 0.024740 0.060185
0 0.770182 0.729398 0.028906 0.068981
0 0.833724 0.844444 0.029948 0.083333
0 0.789193 0.892130 0.028385 0.062963
