0 0.233854 0.973611 0.048438 0.048148
0 0.245443 0.946296 0.041927 0.038889
0 0.244922 0.917593 0.044010 0.037963
0 0.247266 0.869213 0.045573 0.041204
0 0.290495 0.600926 0.040885 0.036111
0 0.625391 0.868981 0.023698 0.065741
0 0.618620 0.803472 0.020052 0.067130
0 0.773177 0.886806 0.050000 0.046759
0 0.937891 0.915972 0.048177 0.042130
0 0.910286 0.817361 0.046094 0.038426
0 0.906641 0.786343 0.045573 0.035648
0 0.699479 0.523380 0.018229 0.042130
0 0.671094 0.486343 0.027604 0.031019
0 0.683203 0.425694 0.017448 0.042130
0 0.676432 0.339583 0.018490 0.043981
0 0.658073 0.233565 0.014063 0.023611
0 0.716146 0.244676 0.028125 0.029167
0 0.712240 0.201157 0.029167 0.030093
0 0.706380 0.183333 0.033594 0.027778
0 0.594661 0.125694 0.019531 0.011574
0 0.670052 0.098148 0.014583 0.030556
0 0.632422 0.031019 0.014323 0.023148
0 0.630208 0.011574 0.013542 0.022222
