1 0.509896 0.964352 0.015625 0.071296
1 0.494922 0.959722 0.014323 0.076852
1 0.477083 0.959722 0.015625 0.075926
1 0.484115 0.914815 0.016667 0.043519
1 0.434635 0.874537 0.018229 0.031481
1 0.508984 0.885648 0.018490 0.071296
1 0.547656 0.918981 0.019271 0.085185
1 0.462500 0.824769 0.015104 0.076389
1 0.438672 0.803009 0.020052 0.058796
1 0.420182 0.802315 0.020052 0.057407
1 0.556901 0.764815 0.025260 0.070370
1 0.444661 0.533565 0.013802 0.077315
1 0.466146 0.559028 0.020833 0.067130
1 0.494792 0.566204 0.017708 0.070370
1 0.536719 0.537963 0.017708 0.076852
1 0.489323 0.401620 0.017708 0.072685
1 0.472917 0.395370 0.015104 0.075926
1 0.456380 0.373380 0.016406 0.068056
1 0.452995 0.272685 0.014323 0.072222
1 0.478125 0.265972 0.015104 0.069907
1 0.521615 0.243519 0.016667 0.075000
1 0.548828 0.245139 0.012760 0.074537
1 0.576302 0.137037 0.011458 0.049074
1 0.595313 0.132407 0.015104 0.052778
1 0.494401 0.140509 0.011198 0.068056
1 0.473828 0.137500 0.015885 0.064815
1 0.473698 0.085880 0.016146 0.059722
1 0.446875 0.050231 0.017188 0.067130
