0 0.279948 0.678009 0.011458 0.027315
0 0.290885 0.590509 0.009896 0.024537
0 0.282422 0.465741 0.007031 0.015741
0 0.530859 0.767824 0.014323 0.037500
0 0.511458 0.624074 0.011979 0.029630
0 0.485026 0.561343 0.011198 0.026389
0 0.500000 0.548611 0.012500 0.027778
0 0.466667 0.483796 0.009896 0.021296
0 0.477474 0.463657 0.010156 0.022685
0 0.448177 0.401620 0.010417 0.017130
0 0.390104 0.322917 0.008333 0.014352
0 0.376302 0.291898 0.008333 0.012500
0 0.356641 0.278935 0.008594 0.013426
0 0.353516 0.260185 0.016406 0.024074
0 0.318620 0.225000 0.004948 0.011111
0 0.326823 0.225000 0.005208 0.010185
0 0.323958 0.216204 0.004687 0.009259
0 0.323828 0.197917 0.007031 0.018056
0 0.329036 0.190741 0.004948 0.008333
0 0.328906 0.177083 0.007292 0.016204
