0 0.393880 0.868056 0.023177 0.058333
0 0.471484 0.604167 0.017448 0.033333
0 0.527344 0.512037 0.016667 0.027778
0 0.554557 0.462731 0.015365 0.027315
0 0.572135 0.416435 0.013542 0.019907
0 0.565365 0.350694 0.013021 0.009722
0 0.563151 0.370602 0.012760 0.030093
0 0.590495 0.407870 0.014844 0.023148
0 0.613411 0.377315 0.011198 0.018519
0 0.645703 0.317593 0.010677 0.020370
0 0.651563 0.328704 0.010937 0.015741
0 0.668880 0.279398 0.008594 0.015278
0 0.680469 0.262269 0.008333 0.016204
0 0.694010 0.205787 0.006250 0.010648
0 0.700391 0.169444 0.004427 0.008333
0 0.694141 0.175000 0.004427 0.009259
0 0.692187 0.161806 0.004687 0.006944
0 0.697786 0.157176 0.004948 0.006944
0 0.690104 0.152778 0.004167 0.008333
0 0.644661 0.365972 0.009635 0.008796
0 0.643880 0.372685 0.010156 0.006481
0 0.644661 0.379398 0.011719 0.010648
0 0.737760 0.451852 0.015625 0.013889
0 0.928776 0.533565 0.020052 0.019907
0 0.758464 0.700231 0.031510 0.036574
0 0.931901 0.899769 0.016406 0.035648
0 0.917448 0.888194 0.017708 0.039352
0 0.770573 0.862731 0.018229 0.039352
0 0.755339 0.847917 0.020052 0.036574
0 0.722266 0.820139 0.019531 0.032870
0 0.692318 0.838657 0.018490 0.035648
0 0.715755 0.860880 0.020052 0.033796
0 0.727604 0.870833 0.020313 0.035185
0 0.740234 0.879861 0.017969 0.036574
0 0.755469 0.894676 0.019271 0.034722
0 0.634375 0.892130 0.027604 0.036111
0 0.617969 0.290741 0.010417 0.011111
0 0.305078 0.479398 0.018490 0.012500
0 0.301953 0.488889 0.020052 0.014815
0 0.292187 0.507407 0.019792 0.013889
0 0.290755 0.515278 0.019531 0.013889
