1 0.371224 0.884491 0.028906 0.062500
1 0.626953 0.890741 0.019010 0.087963
1 0.619922 0.646759 0.028906 0.050000
1 0.579297 0.612037 0.026302 0.075000
1 0.582161 0.577546 0.024219 0.037500
1 0.545964 0.594676 0.020573 0.081944
1 0.573958 0.465972 0.021354 0.072685
1 0.547917 0.428935 0.015104 0.087500
1 0.554167 0.403472 0.015625 0.088426
1 0.601953 0.315509 0.018490 0.076389
1 0.543750 0.200000 0.018750 0.087037
1 0.600391 0.152315 0.020052 0.088889
1 0.578385 0.024769 0.024479 0.048611
1 0.500000 0.094213 0.027604 0.081944
1 0.405990 0.355093 0.022917 0.081481
1 0.414323 0.472454 0.021875 0.078241
1 0.357292 0.512269 0.020833 0.081019
1 0.363672 0.672222 0.018490 0.086111
1 0.427995 0.032639 0.022135 0.064352
1 0.135026 0.793287 0.019010 0.087500
