0 0.337370 0.818519 0.027865 0.076852
0 0.397266 0.455787 0.018490 0.050463
0 0.314974 0.393056 0.021094 0.060185
0 0.403776 0.082176 0.016406 0.037500
0 0.707422 0.285880 0.022135 0.051389
0 0.787891 0.129861 0.033594 0.027315
0 0.794531 0.143056 0.036979 0.025926
0 0.800000 0.157639 0.038021 0.026389
0 0.800391 0.168981 0.036719 0.018519
0 0.801172 0.186343 0.041406 0.035648
0 0.870052 0.121528 0.036458 0.031944
0 0.864583 0.150231 0.034896 0.020833
0 0.873177 0.164815 0.039062 0.032407
0 0.879297 0.185648 0.038281 0.024074
0 0.883724 0.206019 0.038281 0.035185
0 0.805469 0.232176 0.035417 0.035648
0 0.817578 0.261111 0.037760 0.036111
0 0.825521 0.294213 0.041667 0.028241
0 0.834635 0.307639 0.034896 0.029167
0 0.838672 0.331944 0.044010 0.037963
0 0.844661 0.364352 0.041927 0.032407
0 0.909766 0.270833 0.037760 0.026852
0 0.916146 0.287731 0.036458 0.029167
0 0.919531 0.310648 0.041667 0.033333
0 0.898307 0.358565 0.027865 0.043981
0 0.733203 0.450000 0.023698 0.050000
0 0.871354 0.469213 0.041667 0.042130
0 0.873698 0.495602 0.045312 0.036574
0 0.770312 0.709491 0.027083 0.063426
0 0.891536 0.593750 0.045573 0.034722
0 0.888542 0.612037 0.043229 0.044444
0 0.909766 0.639815 0.047135 0.043519
0 0.916536 0.668056 0.048698 0.044444
0 0.927344 0.751157 0.052083 0.054167
0 0.802344 0.963889 0.029687 0.072222
0 0.942318 0.811343 0.052344 0.042130
0 0.945703 0.840972 0.048177 0.052315
0 0.953646 0.885648 0.054688 0.040741
0 0.957943 0.922454 0.050781 0.049537
0 0.973958 0.990509 0.051042 0.018981
