0 0.237240 0.537731 0.048958 0.046759
0 0.247917 0.510417 0.041667 0.036574
0 0.247266 0.480556 0.039844 0.036111
0 0.248307 0.434954 0.046615 0.041204
0 0.289844 0.171296 0.039583 0.037963
0 0.619661 0.433565 0.023698 0.064352
0 0.614323 0.370370 0.021875 0.067593
0 0.765755 0.452778 0.049740 0.046296
0 0.928385 0.480787 0.046354 0.040278
0 0.902344 0.385185 0.046354 0.037963
0 0.898698 0.354398 0.045312 0.034722
0 0.694661 0.095833 0.016927 0.045370
0 0.668229 0.063426 0.026562 0.033333
0 0.892969 0.728009 0.022396 0.045833
