0 0.434505 0.817361 0.034115 0.037500
0 0.420312 0.865046 0.028646 0.032870
0 0.342708 0.792824 0.024479 0.040278
0 0.508854 0.928241 0.021354 0.059259
0 0.513151 0.686574 0.014844 0.050000
0 0.489714 0.554167 0.011198 0.030556
0 0.479948 0.483796 0.009375 0.023148
0 0.479557 0.421065 0.009635 0.025463
0 0.492318 0.406944 0.009115 0.018519
0 0.483464 0.357870 0.009635 0.018519
0 0.462109 0.328935 0.008073 0.016204
0 0.469922 0.320833 0.010156 0.021296
0 0.451953 0.301157 0.008594 0.016204
0 0.454427 0.286574 0.008854 0.017593
0 0.424870 0.249537 0.015365 0.026852
0 0.418490 0.234491 0.007812 0.010648
0 0.395052 0.214120 0.007292 0.010648
0 0.376432 0.200463 0.008073 0.012037
0 0.363151 0.195139 0.007031 0.009722
0 0.359766 0.187500 0.007552 0.009259
0 0.344661 0.181713 0.007031 0.008796
0 0.335677 0.169444 0.006771 0.010185
