0 0.406901 0.913426 0.022656 0.056481
0 0.435026 0.784028 0.024740 0.053241
0 0.465885 0.650231 0.017708 0.033796
0 0.487370 0.642593 0.019010 0.040741
0 0.520312 0.562731 0.015104 0.027315
0 0.554297 0.488426 0.014323 0.024074
0 0.564063 0.448148 0.014583 0.028704
0 0.512630 0.432870 0.014323 0.038889
0 0.513542 0.405787 0.012500 0.012500
0 0.569271 0.328009 0.010417 0.010648
0 0.604167 0.377083 0.010937 0.018981
0 0.619792 0.354861 0.009375 0.018056
0 0.647526 0.270139 0.006510 0.015278
0 0.648438 0.224074 0.005208 0.012037
0 0.657031 0.217130 0.005729 0.011111
0 0.648047 0.206019 0.004948 0.009259
0 0.654948 0.200000 0.005208 0.007407
0 0.646745 0.194213 0.004948 0.010648
0 0.647266 0.170833 0.005469 0.009259
0 0.639062 0.170602 0.004687 0.008796
0 0.639062 0.155556 0.005208 0.009259
0 0.633333 0.148380 0.004687 0.008796
0 0.626172 0.147454 0.004948 0.006944
0 0.619401 0.133102 0.006510 0.008796
0 0.609375 0.131250 0.005729 0.007870
0 0.710156 0.521991 0.018750 0.015278
0 0.758333 0.873380 0.037500 0.052315
0 0.203516 0.607639 0.022135 0.017130
0 0.198698 0.620370 0.023958 0.018519
0 0.184896 0.647917 0.025000 0.017130
0 0.182161 0.660185 0.025781 0.018519
0 0.172396 0.665972 0.025000 0.017130
0 0.172917 0.677778 0.026562 0.015741
