0 0.394661 0.498380 0.006510 0.015278
0 0.616146 0.782639 0.014583 0.028241
0 0.565625 0.622222 0.009896 0.023148
0 0.535286 0.550231 0.009635 0.018981
0 0.524219 0.431250 0.006771 0.015278
0 0.511458 0.377546 0.005729 0.015278
0 0.489063 0.286574 0.005729 0.011111
0 0.472526 0.274306 0.005469 0.009722
0 0.465625 0.260185 0.006250 0.008333
0 0.432682 0.240046 0.005469 0.006944
0 0.420052 0.228009 0.005729 0.008796
0 0.405729 0.221759 0.006250 0.007407
0 0.393490 0.220139 0.006250 0.006944
0 0.377474 0.212731 0.006510 0.006944
