0 0.247396 0.754630 0.025000 0.023148
0 0.246484 0.741435 0.022135 0.019907
0 0.248307 0.705787 0.023698 0.021759
0 0.248698 0.667361 0.022917 0.018981
0 0.252344 0.638889 0.020833 0.020370
0 0.258724 0.617593 0.016927 0.016667
0 0.320573 0.644213 0.021875 0.018056
0 0.315495 0.708565 0.020052 0.070833
0 0.430990 0.717593 0.018229 0.041667
0 0.402604 0.658796 0.010937 0.026852
0 0.404948 0.599769 0.018229 0.019907
0 0.342187 0.450000 0.009375 0.015741
0 0.400911 0.476852 0.015365 0.017593
0 0.443359 0.514815 0.014844 0.019444
0 0.485156 0.526620 0.013021 0.025463
0 0.501302 0.514120 0.010937 0.028241
0 0.495052 0.440278 0.009896 0.019444
0 0.510677 0.446759 0.009896 0.021296
0 0.506901 0.415046 0.008594 0.019907
0 0.495833 0.350000 0.007292 0.018519
0 0.510547 0.349769 0.008594 0.019907
0 0.493229 0.300926 0.006250 0.014815
0 0.504427 0.306481 0.007292 0.016667
0 0.501693 0.288426 0.005990 0.012037
0 0.494792 0.253935 0.006771 0.015278
0 0.479297 0.234259 0.006510 0.012037
0 0.613802 0.830324 0.026042 0.024537
0 0.465234 0.208333 0.005469 0.010185
0 0.454688 0.192361 0.006771 0.011574
0 0.463932 0.192361 0.005469 0.009722
0 0.450521 0.177778 0.006250 0.009259
0 0.460286 0.486574 0.017448 0.024074
