0 0.538932 0.887500 0.027865 0.094444
0 0.492057 0.809954 0.035156 0.159722
0 0.529818 0.473148 0.018490 0.052778
0 0.504167 0.408102 0.031250 0.127315
0 0.551432 0.253935 0.016927 0.038426
0 0.545573 0.188889 0.016667 0.041667
0 0.572917 0.177546 0.015104 0.031019
0 0.559505 0.109722 0.015885 0.026852
0 0.587891 0.079861 0.016406 0.028241
0 0.616276 0.065046 0.014844 0.027315
0 0.607812 0.045139 0.014583 0.025463
0 0.638151 0.022685 0.012760 0.021296
0 0.767448 0.254398 0.017188 0.023611
0 0.793229 0.247454 0.016667 0.023611
0 0.783594 0.267593 0.017188 0.021296
0 0.792578 0.275694 0.017969 0.020833
0 0.800911 0.280324 0.016406 0.024537
0 0.814974 0.264352 0.014323 0.022222
0 0.836589 0.180787 0.027865 0.031019
0 0.838802 0.016667 0.010937 0.013889
0 0.856510 0.010185 0.015104 0.013889
