0 0.327344 0.292593 0.018229 0.051852
0 0.386979 0.242593 0.017708 0.045370
0 0.419271 0.130324 0.016146 0.038426
0 0.662630 0.011111 0.014844 0.021296
0 0.675130 0.113657 0.018490 0.037500
0 0.774089 0.076389 0.019531 0.037037
0 0.767969 0.041204 0.019271 0.038889
0 0.843359 0.020139 0.034115 0.027315
0 0.851823 0.056481 0.034375 0.025926
0 0.912370 0.008796 0.032031 0.016667
0 0.914193 0.021296 0.031510 0.023148
0 0.921875 0.045833 0.033333 0.030556
0 0.663411 0.230093 0.018490 0.047222
0 0.711589 0.339815 0.023698 0.053704
0 0.737109 0.505324 0.021615 0.053241
0 0.891146 0.606250 0.046354 0.038426
0 0.901953 0.632639 0.047135 0.037500
0 0.909505 0.659954 0.052865 0.041204
0 0.913021 0.686343 0.053125 0.037500
0 0.915625 0.713889 0.056771 0.051852
0 0.987891 0.591898 0.024219 0.043981
0 0.985938 0.644213 0.028125 0.039352
0 0.992318 0.674306 0.015365 0.040278
0 0.782031 0.833565 0.027083 0.072685
0 0.929427 0.797685 0.048438 0.049074
0 0.754687 0.938194 0.030729 0.094907
0 0.946615 0.853472 0.054167 0.049537
0 0.959245 0.916898 0.052344 0.047685
0 0.966536 0.951157 0.039844 0.046759
0 0.972005 0.983333 0.037240 0.033333
