0 0.585417 0.891898 0.020313 0.045833
0 0.531250 0.554630 0.009896 0.029630
0 0.520573 0.544444 0.009896 0.025000
0 0.524740 0.475926 0.007812 0.022222
0 0.513021 0.439583 0.008333 0.020833
0 0.517839 0.403009 0.006510 0.017130
0 0.512240 0.384259 0.006771 0.014815
0 0.503385 0.385185 0.007812 0.015741
0 0.493229 0.353704 0.007812 0.014815
0 0.454427 0.297685 0.007292 0.012963
0 0.440234 0.285648 0.008594 0.011111
0 0.437500 0.275694 0.007292 0.010648
0 0.418750 0.270370 0.007812 0.011111
0 0.399740 0.394907 0.006250 0.012963
