0 0.488672 0.642130 0.022656 0.068519
0 0.647135 0.533565 0.021875 0.058796
0 0.379948 0.520602 0.023958 0.071759
0 0.420052 0.425231 0.021875 0.067130
0 0.390365 0.240509 0.020313 0.057870
0 0.522266 0.169444 0.019531 0.046296
0 0.667318 0.323843 0.022135 0.052315
0 0.687370 0.026389 0.020573 0.039815
0 0.726432 0.077315 0.018490 0.043519
0 0.741016 0.160880 0.019531 0.048611
0 0.711719 0.186806 0.027604 0.043981
0 0.708073 0.218056 0.019271 0.043519
0 0.714063 0.279167 0.019271 0.046296
0 0.756120 0.285880 0.019531 0.044907
0 0.757161 0.332176 0.020052 0.052315
0 0.721745 0.328935 0.021094 0.048611
0 0.716276 0.368519 0.041927 0.034259
0 0.713151 0.425000 0.042969 0.037963
0 0.738151 0.454167 0.023177 0.062037
0 0.745964 0.512037 0.024740 0.054630
0 0.750521 0.568981 0.026562 0.074074
0 0.757812 0.635185 0.027083 0.062037
0 0.763151 0.694676 0.024219 0.067130
0 0.781510 0.803704 0.028646 0.074074
0 0.806641 0.977546 0.026823 0.044907
0 0.886198 0.277315 0.025000 0.050926
0 0.978385 0.677546 0.027604 0.066204
0 0.696224 0.096065 0.014323 0.028241
