0 0.496484 0.915741 0.025260 0.087037
0 0.672917 0.706481 0.024479 0.070370
0 0.435156 0.042130 0.019792 0.054630
0 0.499740 0.082407 0.019271 0.041667
0 0.623307 0.012500 0.015885 0.024074
0 0.626302 0.050926 0.016146 0.036111
0 0.629818 0.096065 0.017448 0.040278
0 0.631771 0.137963 0.020313 0.042593
0 0.642318 0.208565 0.020573 0.043981
0 0.643880 0.278472 0.020052 0.050463
0 0.727604 0.060880 0.036979 0.039352
0 0.700130 0.118981 0.019010 0.053704
0 0.702214 0.166204 0.016927 0.043519
0 0.727734 0.351852 0.021094 0.057407
0 0.749219 0.437731 0.022917 0.056019
0 0.753385 0.488889 0.023438 0.056481
0 0.778255 0.536343 0.027865 0.061574
0 0.784896 0.586343 0.046875 0.041204
0 0.758073 0.634028 0.026042 0.065278
0 0.766536 0.700463 0.028385 0.060185
0 0.776042 0.781481 0.029167 0.070370
0 0.841667 0.898611 0.031250 0.084259
0 0.796094 0.950000 0.028646 0.066667
