0 0.578646 0.873148 0.020833 0.044444
0 0.530208 0.548148 0.011458 0.027778
0 0.519271 0.537037 0.008854 0.025926
0 0.523828 0.470139 0.008073 0.019907
0 0.511719 0.433102 0.007292 0.017130
0 0.516276 0.398611 0.006510 0.017593
0 0.510286 0.380324 0.006510 0.016204
0 0.501432 0.380324 0.008073 0.015278
0 0.491276 0.351157 0.008073 0.014352
0 0.450651 0.295139 0.008073 0.013426
0 0.435807 0.282870 0.008594 0.011111
0 0.433984 0.273843 0.007031 0.010648
0 0.414714 0.268056 0.009635 0.010185
0 0.399609 0.400231 0.006510 0.011574
