0 0.648958 0.938194 0.026562 0.087500
0 0.523958 0.616435 0.025521 0.068981
0 0.619141 0.379630 0.020052 0.058333
0 0.652214 0.210648 0.025781 0.041667
0 0.681250 0.015278 0.016667 0.029630
0 0.691536 0.057639 0.016406 0.041204
0 0.702734 0.143056 0.016927 0.042593
0 0.700651 0.182176 0.019531 0.046759
0 0.706380 0.227778 0.019531 0.039815
0 0.716146 0.309954 0.019792 0.045833
0 0.733203 0.439583 0.022656 0.054167
0 0.741406 0.505556 0.024479 0.053704
0 0.747656 0.564815 0.024479 0.058333
0 0.759896 0.668056 0.027083 0.066667
0 0.767448 0.735417 0.024479 0.061574
0 0.787370 0.819676 0.025781 0.072685
0 0.830859 0.800694 0.030469 0.081019
