0 0.487891 0.782176 0.024740 0.076389
0 0.646745 0.493519 0.021094 0.057407
0 0.521484 0.242593 0.020052 0.049074
0 0.401562 0.187731 0.018750 0.055093
0 0.435807 0.078009 0.017969 0.047685
0 0.657292 0.200926 0.019271 0.046296
0 0.726693 0.059028 0.018490 0.046759
0 0.698047 0.081713 0.025260 0.040278
0 0.694792 0.108565 0.017708 0.038426
0 0.700781 0.160880 0.017188 0.042130
0 0.739453 0.167824 0.018490 0.039352
0 0.740234 0.207639 0.017448 0.044907
0 0.707682 0.203935 0.019531 0.043981
0 0.701693 0.240741 0.039844 0.031481
0 0.698698 0.288194 0.040625 0.034722
0 0.721224 0.314120 0.022135 0.054167
0 0.727865 0.362037 0.021354 0.045370
0 0.733333 0.413194 0.023438 0.066204
0 0.738021 0.466667 0.026042 0.052778
0 0.742448 0.519213 0.022917 0.060648
0 0.758724 0.609491 0.026823 0.067130
0 0.779818 0.771528 0.025260 0.070833
0 0.779687 0.841667 0.027604 0.075000
0 0.791927 0.933796 0.029167 0.075000
0 0.862109 0.158796 0.023177 0.047222
0 0.937630 0.501157 0.020052 0.050463
