0 0.497656 0.844676 0.023438 0.084722
0 0.675521 0.735185 0.022917 0.067593
0 0.649479 0.342824 0.019792 0.047685
0 0.646875 0.266204 0.021875 0.050926
0 0.635677 0.192130 0.019792 0.044444
0 0.633594 0.147685 0.018750 0.042593
0 0.630078 0.099537 0.015885 0.037963
0 0.626042 0.050926 0.016667 0.040741
0 0.623307 0.012963 0.015365 0.025000
0 0.500651 0.043056 0.016927 0.039815
0 0.427734 0.198148 0.021615 0.061111
0 0.735026 0.111574 0.036719 0.041667
0 0.705990 0.173380 0.019271 0.054167
0 0.708724 0.222222 0.019010 0.049074
0 0.736589 0.421065 0.021094 0.059722
0 0.758854 0.514815 0.022917 0.054630
0 0.763802 0.569676 0.021875 0.057870
0 0.786068 0.626389 0.029427 0.062037
0 0.802474 0.672685 0.047656 0.044444
0 0.769531 0.727778 0.027083 0.068519
0 0.777865 0.798380 0.027083 0.065278
0 0.788672 0.888889 0.030469 0.076852
0 0.854948 0.985185 0.025521 0.029630
