0 0.040885 0.247917 0.021354 0.066204
0 0.400260 0.078241 0.039583 0.050926
0 0.504167 0.104861 0.046875 0.043056
0 0.565495 0.097917 0.044531 0.041204
0 0.609115 0.049074 0.033854 0.048148
0 0.646745 0.055556 0.029948 0.050000
0 0.624219 0.146065 0.034896 0.056944
0 0.533594 0.319444 0.032813 0.057407
0 0.376172 0.401620 0.027865 0.074537
0 0.470833 0.487037 0.030208 0.069444
0 0.484505 0.691435 0.033594 0.093056
0 0.442708 0.768519 0.031771 0.085185
0 0.517318 0.836806 0.035677 0.090278
0 0.688411 0.772917 0.036198 0.089352
0 0.787891 0.615741 0.054948 0.052778
0 0.875651 0.554167 0.053906 0.049074
0 0.981771 0.520602 0.036458 0.049537
0 0.944661 0.688657 0.054427 0.052315
0 0.961328 0.746759 0.062240 0.060185
0 0.883333 0.924074 0.064583 0.060185
0 0.983594 0.839815 0.032813 0.061111
