0 0.506380 0.941204 0.028906 0.089815
0 0.785547 0.986343 0.030469 0.027315
0 0.768750 0.789815 0.030208 0.090741
0 0.854948 0.631019 0.053125 0.044444
0 0.821484 0.549769 0.044531 0.051389
0 0.731641 0.533796 0.026302 0.065741
0 0.809766 0.448380 0.048177 0.054167
0 0.793880 0.406250 0.038802 0.047685
0 0.715104 0.368750 0.022396 0.030093
0 0.383594 0.443981 0.024479 0.071296
0 0.735026 0.210648 0.021615 0.051852
0 0.701432 0.221991 0.021615 0.050463
0 0.687370 0.173380 0.019010 0.042130
0 0.683333 0.131250 0.018750 0.044907
0 0.675651 0.069213 0.017969 0.040278
0 0.671484 0.033102 0.018490 0.036574
0 0.861328 0.656481 0.033073 0.042593
