0 0.337760 0.137731 0.019271 0.047685
0 0.426693 0.046991 0.015365 0.035648
0 0.623958 0.018750 0.016667 0.036574
0 0.663932 0.061806 0.027344 0.046759
0 0.733073 0.124306 0.035417 0.038426
0 0.833333 0.137037 0.039062 0.033333
0 0.908984 0.034954 0.017969 0.033796
0 0.933073 0.032870 0.029167 0.064815
0 0.898958 0.109259 0.028125 0.038889
0 0.870313 0.165509 0.027083 0.035648
0 0.840104 0.211111 0.030729 0.038889
0 0.754557 0.321528 0.033594 0.045833
0 0.723307 0.437731 0.018490 0.046759
0 0.687630 0.516667 0.022135 0.060185
0 0.727865 0.565972 0.025521 0.058796
0 0.880078 0.575231 0.024219 0.058796
0 0.975391 0.500463 0.045573 0.037037
0 0.756771 0.738426 0.028125 0.074074
0 0.783594 0.887500 0.027604 0.071296
0 0.917969 0.759722 0.032292 0.078704
0 0.932813 0.835880 0.030208 0.076389
