0 0.313411 0.344907 0.021094 0.050000
0 0.705599 0.023380 0.016406 0.033796
0 0.811328 0.037731 0.032031 0.025463
0 0.811849 0.055787 0.033073 0.027315
0 0.818880 0.108333 0.031510 0.024074
0 0.816536 0.119444 0.027865 0.029630
0 0.828646 0.133796 0.033333 0.025926
0 0.832552 0.150463 0.034896 0.028704
0 0.900651 0.129167 0.036719 0.028704
0 0.835938 0.194676 0.036458 0.034722
0 0.904036 0.177315 0.048177 0.049074
0 0.842578 0.225694 0.037760 0.029167
0 0.843229 0.239352 0.032813 0.032407
0 0.845703 0.262500 0.038281 0.026852
0 0.847396 0.281019 0.036979 0.031481
0 0.927734 0.260880 0.036198 0.031019
0 0.936328 0.290046 0.034635 0.031019
0 0.854557 0.320139 0.039844 0.028241
0 0.856510 0.340046 0.043229 0.030093
0 0.745703 0.406250 0.018490 0.052315
0 0.710807 0.438194 0.020052 0.060648
0 0.747786 0.559491 0.020052 0.055093
0 0.699219 0.836574 0.037500 0.202778
0 0.738542 0.873843 0.024479 0.072685
0 0.934115 0.683333 0.055729 0.053704
