0 0.524479 0.591435 0.023438 0.066204
0 0.623828 0.454167 0.021615 0.064815
0 0.651823 0.234722 0.026562 0.044444
0 0.682682 0.010417 0.017969 0.019907
0 0.683333 0.031019 0.017188 0.041667
0 0.694401 0.082870 0.017448 0.045370
0 0.705469 0.170833 0.017708 0.041667
0 0.703646 0.209028 0.020313 0.043981
0 0.709245 0.257870 0.019010 0.045370
0 0.719271 0.340509 0.019271 0.048611
0 0.737760 0.477778 0.022917 0.057407
0 0.746094 0.545833 0.024479 0.053704
0 0.753776 0.607639 0.023698 0.060648
0 0.765365 0.716898 0.026042 0.069907
0 0.772656 0.784028 0.026042 0.066204
0 0.794141 0.874074 0.026302 0.075000
0 0.839453 0.854861 0.028906 0.083796
