0 0.292057 0.465278 0.008594 0.012963
0 0.296615 0.548843 0.008333 0.020833
0 0.292839 0.627778 0.010677 0.025000
0 0.521224 0.916898 0.023177 0.135648
0 0.547005 0.926852 0.017969 0.059259
0 0.524609 0.682639 0.013281 0.032870
0 0.506120 0.565046 0.012240 0.026389
0 0.480729 0.514815 0.010937 0.023148
0 0.495182 0.503472 0.011198 0.026389
0 0.462630 0.448148 0.009635 0.018519
0 0.471484 0.428241 0.009635 0.020370
0 0.442708 0.374769 0.009896 0.015278
0 0.385677 0.304630 0.008333 0.012963
0 0.372005 0.276157 0.007552 0.012500
0 0.353906 0.264352 0.007812 0.013889
0 0.350911 0.246991 0.014844 0.021759
0 0.319792 0.214583 0.004687 0.008796
0 0.328125 0.214352 0.004687 0.010185
0 0.326172 0.206481 0.004948 0.007407
0 0.328516 0.189120 0.007552 0.017130
0 0.334635 0.182176 0.005208 0.008796
0 0.335547 0.169907 0.007552 0.015741
