0 0.533984 0.924537 0.038802 0.111111
0 0.598437 0.689120 0.039583 0.082870
0 0.654427 0.545833 0.033854 0.069444
0 0.733203 0.350926 0.031510 0.068519
0 0.662370 0.374769 0.042448 0.062500
0 0.703646 0.244676 0.027604 0.064352
0 0.728646 0.178935 0.028125 0.058796
0 0.673177 0.113426 0.034896 0.060185
0 0.687500 0.064815 0.031250 0.048148
0 0.392969 0.023843 0.049479 0.046759
0 0.288932 0.124074 0.023177 0.062963
0 0.327344 0.241898 0.033333 0.066204
0 0.513021 0.446528 0.052604 0.055093
0 0.578646 0.425926 0.054688 0.049074
