0 0.282943 0.518750 0.023698 0.058796
0 0.699870 0.930324 0.033594 0.139352
0 0.744531 0.788194 0.023438 0.068981
0 0.939323 0.695370 0.055729 0.054630
0 0.711328 0.515278 0.020573 0.069444
0 0.748307 0.500926 0.020052 0.050926
0 0.744010 0.350463 0.019271 0.051852
0 0.860156 0.346759 0.041667 0.030556
0 0.857812 0.326157 0.039062 0.029167
0 0.849609 0.286343 0.034115 0.031944
0 0.848828 0.267824 0.038281 0.030093
0 0.845182 0.243750 0.031510 0.031944
0 0.845573 0.229167 0.037500 0.030556
0 0.939844 0.295370 0.033854 0.031481
0 0.930859 0.264352 0.036719 0.032407
0 0.838542 0.197454 0.036458 0.034722
0 0.905599 0.180093 0.045573 0.050000
0 0.834896 0.153241 0.035417 0.029630
0 0.831120 0.137500 0.035156 0.025000
0 0.820312 0.121759 0.028646 0.029630
0 0.820833 0.112269 0.031771 0.025463
0 0.902865 0.131481 0.036979 0.029630
0 0.813932 0.058796 0.032552 0.025000
0 0.813802 0.041204 0.032292 0.025000
0 0.323307 0.981019 0.027344 0.037963
