0 0.018490 0.912963 0.031250 0.099074
0 0.309505 0.132176 0.023698 0.056944
0 0.510938 0.109491 0.036979 0.049537
0 0.423047 0.287037 0.025260 0.055556
0 0.409505 0.444444 0.027865 0.069444
0 0.444271 0.626157 0.033854 0.088426
0 0.476953 0.762037 0.033594 0.084259
0 0.604036 0.548380 0.030469 0.075463
0 0.667448 0.799769 0.041146 0.109722
0 0.692318 0.895139 0.038281 0.095833
0 0.810547 0.783102 0.061719 0.061574
0 0.776302 0.671759 0.059896 0.052778
0 0.699089 0.417593 0.049740 0.045370
0 0.781771 0.364583 0.049479 0.045833
0 0.890365 0.336343 0.052083 0.045833
0 0.840625 0.477546 0.049479 0.047685
0 0.852734 0.526389 0.055990 0.050926
0 0.880990 0.602546 0.054167 0.054167
0 0.892448 0.639815 0.053125 0.056481
0 0.919531 0.713889 0.053646 0.061111
