0 0.206250 0.969676 0.040104 0.060648
0 0.266667 0.825000 0.027604 0.080556
0 0.299349 0.248148 0.030990 0.099074
0 0.398307 0.051389 0.018490 0.041667
0 0.425000 0.062269 0.015625 0.035648
0 0.636458 0.078704 0.018229 0.040741
0 0.741927 0.066204 0.027083 0.033333
0 0.778776 0.022222 0.026302 0.032407
0 0.688281 0.151157 0.018750 0.040278
0 0.691536 0.231019 0.017448 0.038889
0 0.673047 0.342130 0.019531 0.051852
0 0.701432 0.346065 0.022135 0.045833
0 0.818490 0.283333 0.021354 0.047222
0 0.902474 0.230324 0.037760 0.031944
0 0.970443 0.215509 0.040365 0.031019
0 0.937891 0.372222 0.043490 0.034259
0 0.845833 0.413194 0.026042 0.061574
0 0.856120 0.466667 0.024740 0.052778
0 0.952604 0.431944 0.045833 0.037037
0 0.731250 0.530324 0.024479 0.060648
0 0.755990 0.690046 0.028125 0.062500
