0 0.240755 0.765046 0.027865 0.075463
0 0.346615 0.818750 0.026562 0.068056
0 0.753125 0.739120 0.021875 0.061574
0 0.713802 0.636574 0.022917 0.073148
0 0.947917 0.732639 0.056771 0.054167
0 0.751693 0.466667 0.018490 0.050926
0 0.743359 0.318750 0.019010 0.051389
0 0.866016 0.371528 0.041406 0.032870
0 0.864453 0.352546 0.039323 0.030093
0 0.855078 0.310880 0.036198 0.033796
0 0.854948 0.290972 0.039583 0.029167
0 0.947005 0.319676 0.034635 0.031019
0 0.937630 0.288426 0.036198 0.031481
0 0.850260 0.265972 0.032813 0.032870
0 0.850911 0.251389 0.037760 0.027778
0 0.843620 0.218981 0.035677 0.036111
0 0.840234 0.173611 0.037240 0.029630
0 0.909635 0.151157 0.036979 0.028241
0 0.836328 0.156944 0.035677 0.026852
0 0.825130 0.141898 0.028906 0.029167
0 0.826172 0.131250 0.031510 0.025463
0 0.819010 0.075694 0.033333 0.026389
0 0.818490 0.058565 0.032292 0.024537
0 0.869271 0.389583 0.038542 0.028241
