0 0.214844 0.696991 0.050000 0.048611
0 0.226953 0.666667 0.046094 0.040741
0 0.226302 0.633333 0.044792 0.041667
0 0.229557 0.578472 0.048177 0.041204
0 0.274870 0.277778 0.042969 0.037963
0 0.628255 0.578241 0.025781 0.073148
0 0.621094 0.506250 0.022917 0.073611
0 0.923698 0.925926 0.026042 0.061111
0 0.785677 0.600694 0.052604 0.046759
0 0.959245 0.633102 0.051302 0.043981
0 0.930990 0.522685 0.050521 0.040741
0 0.927214 0.488889 0.047656 0.038889
0 0.706641 0.194676 0.019531 0.049537
0 0.675651 0.152546 0.028906 0.034722
0 0.688932 0.084028 0.018490 0.046759
