0 0.009505 0.426389 0.018490 0.083333
0 0.488802 0.271528 0.047396 0.051389
0 0.553125 0.267593 0.051562 0.046296
0 0.622526 0.249306 0.045052 0.048611
0 0.674609 0.156713 0.033073 0.056019
0 0.678255 0.029630 0.025781 0.055556
0 0.710547 0.055556 0.019531 0.050000
0 0.720052 0.140509 0.025521 0.058796
0 0.694401 0.261806 0.033073 0.063426
0 0.617188 0.430093 0.033854 0.062037
0 0.552604 0.585648 0.040104 0.077778
0 0.519401 0.815509 0.030469 0.103241
0 0.544271 0.970139 0.034896 0.059722
0 0.870703 0.880324 0.060156 0.062500
0 0.965625 0.804861 0.058854 0.058796
