0 0.466406 0.900231 0.015104 0.045833
0 0.482161 0.707407 0.013281 0.045370
0 0.499870 0.651157 0.012240 0.030093
0 0.493229 0.540972 0.011458 0.025463
0 0.472266 0.485880 0.010156 0.024537
0 0.485026 0.469907 0.009635 0.026852
0 0.463672 0.431250 0.009635 0.018981
0 0.471484 0.409491 0.009635 0.020833
0 0.440625 0.343056 0.015625 0.036111
0 0.441667 0.326620 0.008854 0.016204
0 0.415495 0.287269 0.009115 0.014352
0 0.395443 0.262037 0.008073 0.012037
0 0.379557 0.254630 0.008073 0.012037
0 0.380859 0.244444 0.007552 0.012963
0 0.359766 0.235185 0.008073 0.010185
0 0.350130 0.218750 0.006510 0.011574
0 0.328125 0.201852 0.006771 0.009259
0 0.296224 0.177315 0.004948 0.008333
0 0.296094 0.162037 0.003646 0.006481
0 0.289974 0.158333 0.004427 0.008333
0 0.298047 0.148611 0.007552 0.016667
0 0.297005 0.511574 0.009115 0.016667
