0 0.409896 0.557407 0.021354 0.059259
0 0.755469 0.972685 0.028125 0.054630
0 0.804557 0.984954 0.025260 0.030093
0 0.990885 0.862500 0.018229 0.048148
0 0.798828 0.684028 0.022135 0.058796
0 0.786068 0.430787 0.019010 0.047685
0 0.768099 0.287269 0.021615 0.049537
0 0.918099 0.481481 0.043490 0.029630
0 0.913021 0.457870 0.044792 0.034259
0 0.911458 0.439352 0.042188 0.033333
0 0.900651 0.390509 0.037240 0.035648
0 0.898698 0.370370 0.040625 0.032407
0 0.989453 0.400926 0.021094 0.033333
0 0.983464 0.366667 0.033073 0.034259
0 0.895052 0.343519 0.033854 0.036111
0 0.893880 0.327083 0.040365 0.031944
0 0.885417 0.290509 0.037500 0.036574
0 0.958724 0.271065 0.051302 0.056019
0 0.880990 0.240972 0.036979 0.032870
0 0.876302 0.222222 0.037500 0.028704
0 0.952474 0.215741 0.037240 0.036111
0 0.862630 0.206481 0.033073 0.033333
0 0.864453 0.193750 0.034635 0.023611
0 0.854818 0.134491 0.033594 0.028241
0 0.855078 0.114352 0.034635 0.025926
0 0.838151 0.049074 0.031510 0.027778
0 0.876432 0.034722 0.018490 0.031481
0 0.902214 0.015972 0.032552 0.026389
0 0.834766 0.027546 0.035677 0.029167
0 0.830990 0.011806 0.025521 0.020833
