0 0.792057 0.969676 0.029427 0.060648
0 0.745182 0.898611 0.043490 0.051852
0 0.759766 0.756481 0.027344 0.076852
0 0.744531 0.571296 0.026562 0.074074
0 0.712500 0.356944 0.026042 0.050000
0 0.794531 0.371991 0.040104 0.043981
0 0.784505 0.287037 0.041406 0.047222
0 0.770833 0.249537 0.035937 0.042593
0 0.697005 0.203472 0.022135 0.037500
0 0.686979 0.094676 0.019792 0.046759
0 0.718880 0.084954 0.018490 0.045833
0 0.674479 0.053935 0.018229 0.038426
0 0.672005 0.018750 0.016927 0.036574
0 0.472917 0.144676 0.017708 0.046759
0 0.408333 0.020833 0.017708 0.040741
