0 0.209375 0.737269 0.052083 0.050463
0 0.222005 0.706019 0.046094 0.038889
0 0.220964 0.672222 0.044531 0.041667
0 0.223568 0.613889 0.049219 0.043519
0 0.270703 0.305787 0.042969 0.037500
0 0.934115 0.973148 0.027083 0.053704
0 0.629818 0.616435 0.024740 0.073611
0 0.623437 0.541204 0.022396 0.078704
0 0.790104 0.639120 0.054167 0.050463
0 0.967969 0.672685 0.051562 0.042593
0 0.937760 0.557639 0.050000 0.042130
0 0.933984 0.522917 0.047656 0.041204
0 0.709245 0.220370 0.020052 0.054630
0 0.678255 0.177315 0.029948 0.036111
0 0.691276 0.105556 0.019010 0.045370
