0 0.253516 0.956250 0.023698 0.087500
0 0.166406 0.959954 0.033333 0.031944
0 0.173828 0.893981 0.029948 0.029630
0 0.181510 0.846528 0.027604 0.027315
0 0.188411 0.813426 0.029948 0.027778
0 0.266667 0.856019 0.027083 0.025000
0 0.371224 0.881250 0.014323 0.040278
0 0.475391 0.858565 0.020052 0.049537
0 0.456120 0.813889 0.018490 0.043519
0 0.487760 0.769907 0.016146 0.042593
0 0.314063 0.479861 0.006771 0.021759
0 0.378516 0.593056 0.017969 0.023148
0 0.435026 0.641667 0.019531 0.022222
0 0.492448 0.590741 0.011979 0.031481
0 0.512370 0.585648 0.012240 0.032407
0 0.495964 0.490278 0.009635 0.023148
0 0.511849 0.493519 0.010156 0.025926
0 0.508333 0.450463 0.009375 0.019444
0 0.502865 0.378704 0.008854 0.021296
0 0.486589 0.335648 0.007552 0.015741
0 0.476823 0.294213 0.007292 0.015278
0 0.468490 0.268287 0.006771 0.016204
0 0.478646 0.265741 0.006250 0.012037
0 0.466536 0.242130 0.007031 0.011111
0 0.376823 0.782407 0.023438 0.025926
0 0.451823 0.611806 0.024479 0.033796
