0 0.241927 0.923380 0.045312 0.045833
0 0.252734 0.897685 0.040885 0.035185
0 0.252083 0.870139 0.040625 0.035648
0 0.254297 0.823380 0.044531 0.039352
0 0.294661 0.568519 0.039323 0.035185
0 0.402604 0.871528 0.025000 0.069907
0 0.426563 0.422222 0.017708 0.055556
0 0.615104 0.762500 0.022396 0.064815
0 0.622005 0.824074 0.024740 0.062963
0 0.767188 0.842130 0.049479 0.044444
0 0.925260 0.869907 0.044792 0.040741
0 0.900391 0.774306 0.044531 0.035648
0 0.896354 0.746065 0.044271 0.033796
0 0.695312 0.495833 0.017708 0.045370
0 0.667318 0.459259 0.027865 0.031481
0 0.679297 0.399537 0.017448 0.037037
0 0.673438 0.318056 0.016667 0.041667
0 0.655339 0.216898 0.013802 0.023611
0 0.712630 0.227083 0.026823 0.025463
0 0.708854 0.184491 0.029167 0.029167
0 0.703516 0.167824 0.032031 0.028241
0 0.667448 0.084722 0.014583 0.031481
0 0.630729 0.020139 0.011458 0.022685
0 0.566406 0.067130 0.011979 0.026852
