0 0.177604 0.970602 0.056250 0.053241
0 0.472005 0.334491 0.019531 0.056944
0 0.774219 0.821528 0.027083 0.085648
0 0.730599 0.743519 0.039844 0.047222
0 0.744792 0.618287 0.027083 0.070833
0 0.731510 0.454398 0.024479 0.068981
0 0.701823 0.261343 0.022396 0.047685
0 0.780469 0.274769 0.039583 0.041204
0 0.772396 0.198843 0.040104 0.043981
0 0.758333 0.165046 0.034375 0.041204
0 0.688542 0.123148 0.020313 0.037037
0 0.680078 0.024537 0.019010 0.042593
0 0.710547 0.019213 0.019010 0.037500
0 0.804297 0.335417 0.034635 0.035648
