0 0.021224 0.962269 0.032031 0.075463
0 0.302865 0.083565 0.024479 0.056944
0 0.500000 0.103704 0.035937 0.050926
0 0.417448 0.274306 0.026042 0.057870
0 0.407422 0.428241 0.028385 0.069444
0 0.443359 0.607176 0.035156 0.089352
0 0.597526 0.517130 0.029427 0.075000
0 0.475911 0.741898 0.034115 0.082870
0 0.660026 0.759722 0.040885 0.109259
0 0.684505 0.854630 0.037760 0.093519
0 0.466276 0.960185 0.035677 0.079630
0 0.692057 0.388426 0.050781 0.046296
0 0.773698 0.337269 0.048438 0.045833
0 0.880729 0.312037 0.050521 0.047222
0 0.831120 0.448611 0.049740 0.047222
0 0.843490 0.495602 0.056250 0.049537
0 0.766927 0.635880 0.059375 0.053241
0 0.871224 0.568287 0.053385 0.051389
0 0.882031 0.606250 0.051042 0.059722
0 0.908984 0.677083 0.053906 0.059722
0 0.800781 0.746759 0.060417 0.057407
0 0.984115 0.588426 0.031771 0.060185
