0 0.344531 0.739120 0.025521 0.072685
0 0.295964 0.561111 0.021615 0.065741
0 0.400130 0.408333 0.017448 0.046296
0 0.405859 0.046296 0.015365 0.036111
0 0.706120 0.285880 0.021094 0.048611
0 0.794531 0.161574 0.035417 0.027778
0 0.801953 0.176157 0.035677 0.026389
0 0.806641 0.192361 0.039323 0.029167
0 0.807031 0.204861 0.041667 0.026389
0 0.808724 0.222454 0.042969 0.040278
0 0.877083 0.152083 0.038021 0.033796
0 0.873307 0.182407 0.037240 0.024074
0 0.882682 0.199537 0.039323 0.031481
0 0.888021 0.221528 0.037500 0.027315
0 0.893099 0.241204 0.040365 0.033333
0 0.814063 0.269213 0.037500 0.035648
0 0.825000 0.299306 0.040104 0.035648
0 0.834245 0.334491 0.042969 0.034722
0 0.843359 0.351157 0.034635 0.034722
0 0.847656 0.373611 0.046875 0.040741
0 0.854427 0.408102 0.042708 0.033796
0 0.920052 0.310417 0.038542 0.031019
0 0.926432 0.327546 0.037240 0.029167
0 0.930729 0.350463 0.042188 0.034259
0 0.908984 0.402083 0.028385 0.044907
0 0.733724 0.453704 0.022135 0.049074
0 0.881510 0.515741 0.045833 0.040741
0 0.885026 0.546759 0.045052 0.036111
0 0.770573 0.717593 0.027083 0.064815
0 0.902995 0.651389 0.045573 0.034259
0 0.899609 0.670370 0.048698 0.048148
0 0.922005 0.699306 0.048698 0.043056
0 0.929427 0.729167 0.049479 0.044444
0 0.942839 0.818056 0.052344 0.057407
0 0.957943 0.882407 0.054427 0.041667
0 0.805078 0.969907 0.027344 0.060185
0 0.961458 0.914815 0.047917 0.054630
0 0.970443 0.962269 0.055990 0.044907
0 0.973828 0.987500 0.052344 0.025000
