0 0.346875 0.984028 0.030208 0.031944
0 0.356641 0.711111 0.020052 0.033333
0 0.425781 0.775694 0.025521 0.028241
0 0.485286 0.805556 0.016406 0.048148
0 0.509635 0.804630 0.017188 0.049074
0 0.511589 0.693287 0.012760 0.034722
0 0.509245 0.545370 0.011198 0.031481
0 0.488932 0.459259 0.009115 0.020370
0 0.481120 0.400463 0.007552 0.017593
0 0.476562 0.356019 0.008333 0.019444
0 0.488021 0.348843 0.007812 0.015278
0 0.478385 0.311343 0.007812 0.015278
0 0.464583 0.280787 0.008854 0.015278
0 0.457031 0.286343 0.007812 0.014352
0 0.446484 0.264815 0.007031 0.012037
0 0.448568 0.251620 0.007031 0.011574
0 0.418620 0.221528 0.013802 0.024537
0 0.410286 0.209491 0.006510 0.010648
0 0.441797 0.735880 0.029427 0.036574
