0 0.489323 0.964583 0.021875 0.070833
0 0.456641 0.836343 0.032031 0.153241
0 0.498047 0.657870 0.017448 0.042593
0 0.489974 0.576389 0.016406 0.038889
0 0.514974 0.568056 0.013802 0.031481
0 0.493229 0.508333 0.015625 0.029630
0 0.524609 0.460880 0.014844 0.028241
0 0.541797 0.428009 0.013802 0.024537
0 0.550911 0.446296 0.014844 0.025926
0 0.570182 0.401620 0.012240 0.018056
0 0.602865 0.353472 0.011979 0.018981
0 0.600521 0.339120 0.011979 0.017130
0 0.636719 0.304398 0.010937 0.013426
0 0.696224 0.253704 0.009635 0.014815
0 0.730859 0.221991 0.007552 0.012500
0 0.745703 0.215046 0.006510 0.013426
0 0.755339 0.201620 0.007031 0.011574
0 0.752995 0.188194 0.005469 0.009722
0 0.762630 0.184954 0.004948 0.011574
0 0.766016 0.171991 0.005469 0.008796
0 0.761328 0.158796 0.004948 0.010185
0 0.763672 0.142593 0.005469 0.009259
0 0.769271 0.140278 0.004167 0.007407
0 0.759896 0.130787 0.004687 0.007870
0 0.747005 0.111111 0.004948 0.008333
0 0.715495 0.587037 0.014844 0.020370
0 0.739193 0.579398 0.015365 0.020833
0 0.731771 0.599074 0.015625 0.019444
0 0.740365 0.605787 0.016667 0.019907
0 0.749089 0.610417 0.014844 0.023611
0 0.760807 0.595602 0.012240 0.019907
0 0.775651 0.515278 0.025260 0.027778
0 0.756901 0.360185 0.010156 0.012037
0 0.782422 0.363657 0.013802 0.011574
