0 0.289193 0.045602 0.020573 0.056944
0 0.395443 0.013194 0.047135 0.025463
0 0.314583 0.168750 0.029167 0.063426
0 0.502604 0.412963 0.051042 0.056481
0 0.568620 0.397917 0.053906 0.046759
0 0.650781 0.361574 0.044271 0.054630
0 0.698698 0.238194 0.029687 0.058796
0 0.722526 0.351852 0.033073 0.067593
0 0.734505 0.194676 0.022656 0.060648
0 0.680859 0.107639 0.031510 0.056944
0 0.708333 0.087500 0.028125 0.049074
0 0.625781 0.014815 0.029687 0.028704
0 0.644401 0.540046 0.034115 0.067130
0 0.585026 0.689120 0.040365 0.082870
0 0.527865 0.932639 0.032292 0.109722
