1 0.552734 0.983333 0.019531 0.033333
1 0.578516 0.965741 0.015885 0.068519
1 0.466536 0.857639 0.021615 0.068981
1 0.490885 0.858102 0.016667 0.072685
1 0.443880 0.783796 0.013281 0.081481
1 0.532682 0.753241 0.016406 0.076852
1 0.470833 0.673843 0.017708 0.075463
1 0.486589 0.670139 0.013281 0.069907
1 0.450000 0.643981 0.016146 0.050926
1 0.456380 0.620833 0.015365 0.059259
1 0.477995 0.505093 0.017448 0.070370
1 0.501432 0.505093 0.017969 0.069444
1 0.547135 0.477083 0.015625 0.070833
1 0.493880 0.393750 0.013281 0.073611
1 0.470443 0.388194 0.012240 0.061574
1 0.476172 0.363889 0.014844 0.057407
1 0.444792 0.332407 0.012500 0.075000
1 0.489974 0.184722 0.014323 0.059259
1 0.482161 0.164352 0.013802 0.054630
1 0.576432 0.390741 0.012240 0.050000
1 0.595182 0.388657 0.015365 0.063426
1 0.622135 0.352315 0.020833 0.065741
1 0.675260 0.407176 0.010937 0.059722
1 0.695312 0.403472 0.014583 0.064352
1 0.862500 0.460648 0.015104 0.045370
