0 0.272135 0.706944 0.013542 0.031481
0 0.287500 0.614815 0.009375 0.025000
0 0.277344 0.466204 0.006771 0.012963
0 0.533203 0.818981 0.015885 0.042593
0 0.514193 0.658102 0.013802 0.032870
0 0.486458 0.587500 0.013021 0.027778
0 0.502734 0.574537 0.012240 0.030556
0 0.468099 0.503241 0.010677 0.023148
0 0.479948 0.483102 0.010417 0.023611
0 0.451302 0.417361 0.012500 0.018056
0 0.391146 0.333102 0.009375 0.014352
0 0.378776 0.301157 0.010156 0.012500
0 0.358073 0.287037 0.007812 0.014815
0 0.354427 0.267130 0.017188 0.026852
0 0.317969 0.231481 0.005729 0.011111
0 0.326042 0.230787 0.005729 0.010648
0 0.323047 0.221528 0.005469 0.008796
0 0.321875 0.203009 0.006771 0.018056
0 0.326693 0.195370 0.004427 0.008333
0 0.325781 0.181713 0.007812 0.018056
