0 0.260417 0.571528 0.035937 0.106944
0 0.310417 0.415509 0.021354 0.059722
0 0.327865 0.037500 0.026562 0.074074
0 0.394661 0.095833 0.018490 0.038889
0 0.423438 0.074074 0.016146 0.037963
0 0.710417 0.012731 0.025521 0.024537
0 0.673047 0.089120 0.016406 0.034722
0 0.649609 0.151852 0.016406 0.040741
0 0.681641 0.159259 0.016927 0.037963
0 0.797786 0.181250 0.019010 0.043056
0 0.876823 0.135185 0.037500 0.029630
0 0.942057 0.121528 0.036198 0.028241
0 0.692318 0.270139 0.022135 0.040278
0 0.820573 0.292824 0.023438 0.055093
0 0.829557 0.340972 0.023177 0.044907
0 0.972526 0.180787 0.037760 0.028241
0 0.976042 0.205324 0.042188 0.031019
0 0.984115 0.241898 0.031771 0.027315
0 0.986719 0.261806 0.026562 0.029167
0 0.906901 0.259491 0.040365 0.033796
0 0.920573 0.310648 0.041667 0.034259
0 0.992318 0.296528 0.015365 0.035648
0 0.723437 0.466898 0.025000 0.058796
0 0.748568 0.624074 0.024219 0.058333
0 0.797005 0.974074 0.028906 0.051852
