0 0.188411 0.950000 0.030469 0.031481
0 0.188542 0.929167 0.027083 0.026852
0 0.193620 0.876620 0.029427 0.029167
0 0.197135 0.821065 0.028125 0.024537
0 0.205078 0.779630 0.024219 0.023148
0 0.210677 0.750231 0.026562 0.022685
0 0.284896 0.787963 0.025521 0.022222
0 0.274219 0.882639 0.021875 0.097685
0 0.381771 0.809259 0.012500 0.033333
0 0.385547 0.724769 0.022656 0.022685
0 0.320443 0.473611 0.008073 0.014815
0 0.385547 0.557870 0.015365 0.019444
0 0.436849 0.601157 0.017969 0.019907
0 0.473438 0.667130 0.014583 0.033333
0 0.491797 0.695370 0.016406 0.036111
0 0.438151 0.860648 0.020573 0.050000
0 0.464583 0.843519 0.018750 0.047222
0 0.498568 0.632176 0.013281 0.033796
0 0.495573 0.502778 0.009896 0.026852
0 0.513021 0.500463 0.010937 0.027778
0 0.509245 0.427315 0.009115 0.023148
0 0.494922 0.423611 0.009115 0.019444
0 0.505859 0.394676 0.007552 0.017130
0 0.500391 0.336111 0.008594 0.019444
0 0.485417 0.304167 0.006250 0.015741
0 0.473828 0.266435 0.006510 0.012500
0 0.464844 0.243981 0.006771 0.015741
0 0.473958 0.243056 0.006250 0.010185
0 0.462370 0.221991 0.006510 0.011574
0 0.453255 0.572454 0.021615 0.030093
