0 0.322917 0.445370 0.006250 0.012963
0 0.592057 0.784722 0.016406 0.037963
0 0.580599 0.663194 0.016406 0.033796
0 0.544271 0.591204 0.013542 0.030556
0 0.548828 0.545370 0.027865 0.060185
0 0.478255 0.422685 0.009115 0.017593
0 0.483724 0.407870 0.009635 0.016667
0 0.470833 0.382870 0.009375 0.014815
0 0.451693 0.342824 0.013802 0.027315
0 0.437109 0.334722 0.008073 0.012037
0 0.424870 0.303472 0.009635 0.024537
0 0.430729 0.285648 0.005729 0.014815
0 0.423568 0.260648 0.005990 0.012037
0 0.433594 0.260185 0.005729 0.011111
0 0.438281 0.246528 0.006771 0.012500
