0 0.219792 0.658565 0.050000 0.047685
0 0.231641 0.629861 0.044010 0.038426
0 0.230859 0.596991 0.042448 0.039352
0 0.233333 0.544444 0.048438 0.044444
0 0.278516 0.252315 0.040885 0.037963
0 0.619271 0.473611 0.023438 0.074074
0 0.625911 0.544444 0.024740 0.069444
0 0.916667 0.876157 0.026562 0.055093
0 0.781641 0.563889 0.053385 0.048148
0 0.951953 0.597222 0.050781 0.043519
0 0.924089 0.489583 0.048177 0.038426
0 0.919531 0.456250 0.047917 0.037500
0 0.703646 0.172454 0.019792 0.048611
0 0.674870 0.131481 0.030990 0.035185
0 0.686719 0.065278 0.019271 0.043519
