0 0.381771 0.651157 0.021354 0.056019
0 0.390885 0.219444 0.016146 0.043519
0 0.789714 0.942130 0.025781 0.071296
0 0.765104 0.678704 0.025000 0.062037
0 0.944661 0.869676 0.043490 0.040278
0 0.941536 0.840972 0.052865 0.043056
0 0.934635 0.810648 0.052604 0.041667
0 0.926432 0.778241 0.052865 0.042593
0 0.922526 0.746991 0.048698 0.037500
0 0.906510 0.683102 0.043750 0.040278
0 0.904818 0.655556 0.049219 0.038889
0 0.897396 0.618056 0.040104 0.043519
0 0.895833 0.594676 0.048438 0.036574
0 0.883984 0.546759 0.045052 0.045370
0 0.965885 0.518981 0.058854 0.062963
0 0.730078 0.434954 0.022135 0.048611
0 0.874609 0.479861 0.044531 0.040278
0 0.867578 0.457639 0.042448 0.038426
0 0.849089 0.432639 0.038281 0.041204
0 0.853255 0.417593 0.041927 0.029630
0 0.953906 0.442130 0.043750 0.036111
0 0.839063 0.336806 0.039583 0.031019
0 0.837240 0.310648 0.039583 0.027778
0 0.707292 0.279630 0.020313 0.048148
0 0.815885 0.227083 0.036979 0.031019
0 0.810026 0.200463 0.039844 0.035185
0 0.862630 0.219676 0.023698 0.037500
0 0.884896 0.181250 0.036979 0.031019
0 0.882031 0.161343 0.033333 0.024537
0 0.876432 0.149537 0.033073 0.025000
0 0.805859 0.179630 0.030990 0.022222
0 0.798047 0.166898 0.038281 0.026389
0 0.791667 0.139815 0.034896 0.031481
0 0.782552 0.117130 0.033333 0.030556
0 0.853516 0.094444 0.034635 0.028704
0 0.850000 0.078241 0.034375 0.024074
0 0.777734 0.077778 0.038802 0.035185
