0 0.203516 0.784028 0.052865 0.053241
0 0.215755 0.751157 0.045573 0.041204
0 0.214844 0.715509 0.044271 0.042130
0 0.218359 0.655556 0.049219 0.045370
0 0.267448 0.334954 0.044792 0.039352
0 0.632292 0.656713 0.025521 0.077315
0 0.625391 0.579398 0.024740 0.081019
0 0.796224 0.680787 0.055469 0.049537
0 0.974740 0.716435 0.050521 0.046759
0 0.946875 0.595370 0.051562 0.040741
0 0.942057 0.560417 0.049740 0.040278
0 0.712370 0.245833 0.021094 0.052778
0 0.680729 0.201620 0.030208 0.036574
0 0.693750 0.129861 0.019271 0.044907
0 0.686589 0.030324 0.017969 0.045833
