0 0.251432 0.674537 0.025260 0.064815
0 0.379818 0.339120 0.020052 0.050463
0 0.416276 0.175231 0.015365 0.038426
0 0.667708 0.048843 0.017708 0.036574
0 0.707943 0.292361 0.021094 0.053241
0 0.734375 0.457176 0.021875 0.049537
0 0.700651 0.489120 0.022656 0.068056
0 0.850391 0.406944 0.039844 0.032407
0 0.858464 0.426157 0.043490 0.031019
0 0.865625 0.449074 0.045833 0.033333
0 0.868620 0.468750 0.048698 0.028241
0 0.869401 0.492824 0.050260 0.046759
0 0.948177 0.396528 0.044271 0.039352
0 0.942708 0.437269 0.043229 0.030093
0 0.955729 0.461343 0.047917 0.040278
0 0.963672 0.490046 0.046094 0.031019
0 0.969792 0.517824 0.046875 0.043056
0 0.879557 0.558333 0.043490 0.043519
0 0.893750 0.601389 0.047917 0.042593
0 0.906380 0.651620 0.051823 0.040278
0 0.916406 0.676157 0.043750 0.041204
0 0.773698 0.760880 0.027083 0.067130
0 0.923958 0.708565 0.054688 0.049537
0 0.935286 0.757176 0.051302 0.043981
0 0.989974 0.746528 0.020052 0.063426
0 0.973177 0.918287 0.052604 0.056019
0 0.975260 0.963194 0.049479 0.049537
