0 0.795573 0.963657 0.028125 0.072685
0 0.786849 0.883102 0.027344 0.069907
0 0.775911 0.791667 0.027865 0.071296
0 0.751563 0.610417 0.023438 0.061574
0 0.737891 0.498380 0.022135 0.051389
0 0.731641 0.436574 0.021615 0.052778
0 0.732161 0.387963 0.019010 0.050000
0 0.717708 0.275694 0.021354 0.048611
0 0.704948 0.210648 0.018229 0.048148
0 0.702604 0.171991 0.019792 0.043056
0 0.698958 0.134028 0.020313 0.051389
0 0.695573 0.098380 0.017188 0.036574
0 0.689844 0.060880 0.017708 0.041204
0 0.675130 0.011343 0.034635 0.021759
0 0.646484 0.366898 0.021094 0.049537
0 0.522005 0.427778 0.023698 0.059259
0 0.376823 0.457407 0.022396 0.066667
0 0.427344 0.171528 0.020833 0.075463
0 0.671354 0.044213 0.034375 0.031944
