0 0.414714 0.942361 0.032031 0.030093
0 0.429036 0.890046 0.035677 0.036574
0 0.514323 0.840046 0.020313 0.061574
0 0.331510 0.860648 0.030729 0.040741
0 0.490234 0.646759 0.013802 0.036111
0 0.476693 0.564815 0.012240 0.026852
0 0.481120 0.480556 0.012240 0.029630
0 0.494531 0.461574 0.010417 0.020370
0 0.486849 0.400694 0.010156 0.022685
0 0.466016 0.365972 0.009635 0.018981
0 0.473828 0.356713 0.012240 0.023611
0 0.457031 0.332870 0.009896 0.016667
0 0.460026 0.316204 0.008594 0.018519
0 0.430859 0.274306 0.014844 0.031944
0 0.426042 0.256713 0.007292 0.009722
0 0.401042 0.232639 0.007812 0.014352
0 0.382292 0.215509 0.006771 0.011574
0 0.366927 0.210648 0.007812 0.010185
0 0.365365 0.201389 0.006771 0.011111
0 0.348828 0.195602 0.008594 0.011574
0 0.339062 0.181250 0.006771 0.010648
0 0.320182 0.168750 0.005990 0.009722
