0 0.217708 0.946991 0.028646 0.080093
0 0.382812 0.299074 0.021354 0.050926
0 0.418359 0.152546 0.016927 0.040278
0 0.354297 0.036574 0.015885 0.040741
0 0.646875 0.066667 0.016146 0.037963
0 0.670052 0.063657 0.017188 0.034722
0 0.709505 0.301157 0.022135 0.051389
0 0.735156 0.466204 0.022396 0.053704
0 0.716146 0.610185 0.025521 0.077778
0 0.862370 0.460880 0.041406 0.029167
0 0.871745 0.484954 0.044531 0.033796
0 0.878516 0.508565 0.047656 0.036574
0 0.880208 0.530093 0.050000 0.032407
0 0.882943 0.553472 0.052344 0.047685
0 0.963151 0.450000 0.047135 0.037963
0 0.958724 0.493750 0.043490 0.032870
0 0.971875 0.519907 0.049479 0.041667
0 0.979036 0.550694 0.041927 0.031944
0 0.981641 0.581019 0.036719 0.041667
0 0.893490 0.625694 0.045833 0.044907
0 0.909505 0.671528 0.049740 0.043056
0 0.922917 0.724074 0.053646 0.044444
0 0.933464 0.752315 0.045573 0.043519
0 0.942708 0.787269 0.058333 0.049537
0 0.777083 0.778472 0.029687 0.069907
0 0.953125 0.838426 0.053125 0.047222
