0 0.220964 0.842361 0.027865 0.026389
0 0.220312 0.826852 0.024479 0.024074
0 0.223568 0.783565 0.026302 0.025463
0 0.225260 0.737963 0.024479 0.023148
0 0.230599 0.703704 0.021615 0.022222
0 0.237109 0.678009 0.020573 0.020833
0 0.304427 0.711111 0.023958 0.022222
0 0.296615 0.787037 0.021354 0.083333
0 0.382292 0.970833 0.026562 0.058333
0 0.392969 0.728241 0.011458 0.029630
0 0.396224 0.657176 0.020052 0.020833
0 0.394010 0.514815 0.015104 0.019444
0 0.439974 0.554398 0.017448 0.019907
0 0.487760 0.533565 0.011458 0.025463
0 0.488151 0.642593 0.013802 0.033333
0 0.467969 0.656713 0.014583 0.033796
0 0.504297 0.549074 0.011719 0.025926
0 0.505729 0.504398 0.010417 0.026389
0 0.496615 0.415278 0.008333 0.020370
0 0.512240 0.414583 0.009896 0.021759
0 0.494271 0.353472 0.007812 0.015278
0 0.506771 0.359028 0.007812 0.018056
0 0.503516 0.335648 0.007031 0.013889
0 0.498047 0.291667 0.007552 0.017593
0 0.482812 0.265972 0.006771 0.011574
0 0.625521 0.932870 0.028125 0.028704
0 0.469531 0.234722 0.005729 0.012037
0 0.460417 0.216204 0.006771 0.012963
0 0.468490 0.215741 0.005729 0.009259
0 0.456380 0.198611 0.005990 0.009259
0 0.457813 0.527546 0.021354 0.027315
