0 0.450391 0.959259 0.029427 0.081481
0 0.485026 0.794907 0.021094 0.053704
0 0.473438 0.663194 0.017708 0.043056
0 0.460807 0.614583 0.016927 0.037500
0 0.498568 0.663657 0.014844 0.037500
0 0.502344 0.515278 0.014583 0.029630
0 0.529036 0.501389 0.014323 0.027778
0 0.521484 0.476620 0.013802 0.029167
0 0.548958 0.440509 0.013021 0.020833
0 0.578646 0.383333 0.012500 0.023148
0 0.568880 0.373148 0.012760 0.019444
0 0.609766 0.325694 0.012240 0.015278
0 0.672786 0.268750 0.012240 0.016204
0 0.714193 0.235417 0.010156 0.014352
0 0.732552 0.226157 0.007812 0.010648
0 0.745833 0.212500 0.007812 0.012037
0 0.745703 0.198611 0.005990 0.010185
0 0.756120 0.195602 0.006510 0.011574
0 0.761068 0.183565 0.005469 0.009722
0 0.758203 0.165509 0.005469 0.011574
0 0.762240 0.149306 0.005208 0.009722
0 0.768620 0.148611 0.004948 0.007407
0 0.760807 0.136111 0.004427 0.008333
0 0.751823 0.115278 0.004167 0.007407
0 0.713802 0.584722 0.015104 0.020370
0 0.737891 0.577546 0.015365 0.020833
0 0.730208 0.596991 0.016146 0.019907
0 0.738411 0.603935 0.016927 0.020833
0 0.747266 0.607870 0.015365 0.024074
0 0.759635 0.593519 0.012500 0.019444
0 0.774740 0.513657 0.025000 0.028241
0 0.742708 0.343750 0.008854 0.011574
0 0.780599 0.361343 0.014323 0.012500
0 0.705339 0.284954 0.009635 0.011574
0 0.703906 0.297685 0.010417 0.007407
0 0.702865 0.302315 0.011979 0.007407
0 0.702865 0.306944 0.010937 0.009259
0 0.991667 0.436806 0.016667 0.012500
