0 0.296484 0.501620 0.024219 0.063426
0 0.365104 0.013657 0.018750 0.026389
0 0.429688 0.040741 0.016667 0.036111
0 0.714844 0.009259 0.037500 0.017593
0 0.634115 0.088657 0.017708 0.042130
0 0.647917 0.215046 0.019792 0.046759
0 0.712891 0.210880 0.035156 0.052315
0 0.796224 0.260417 0.039844 0.037500
0 0.878646 0.032639 0.029687 0.035648
0 0.907552 0.065741 0.028125 0.035185
0 0.892969 0.077546 0.033854 0.041204
0 0.950000 0.078935 0.049479 0.096759
0 0.938802 0.129630 0.023438 0.035185
0 0.878906 0.255093 0.039062 0.035185
0 0.947266 0.200463 0.024219 0.043519
0 0.927083 0.260648 0.026042 0.044444
0 0.901823 0.308796 0.031771 0.043519
0 0.814714 0.434491 0.036198 0.048611
0 0.750391 0.573843 0.020573 0.053241
0 0.748568 0.719676 0.026302 0.066204
0 0.738021 0.912963 0.027083 0.083333
0 0.778125 0.900231 0.032292 0.083796
0 0.925391 0.789120 0.027865 0.071759
