0 0.229167 0.592593 0.048438 0.048148
0 0.241276 0.563657 0.042448 0.036574
0 0.239844 0.533102 0.042708 0.039352
0 0.241667 0.484259 0.044271 0.039815
0 0.284505 0.208796 0.040365 0.038889
0 0.622786 0.484491 0.022656 0.065278
0 0.616146 0.418519 0.021354 0.068519
0 0.773438 0.504167 0.050521 0.046296
0 0.938802 0.533333 0.047396 0.039815
0 0.912370 0.432176 0.047135 0.037500
0 0.908854 0.401852 0.046354 0.037037
0 0.698307 0.131944 0.018490 0.048148
0 0.670182 0.093519 0.029427 0.032407
0 0.683333 0.031019 0.017708 0.043519
0 0.903385 0.792361 0.024479 0.049537
