0 0.241927 0.923148 0.046875 0.046296
0 0.252734 0.897917 0.039323 0.036574
0 0.251823 0.869907 0.039583 0.037037
0 0.254036 0.822454 0.044010 0.038426
0 0.294661 0.565741 0.040365 0.037037
0 0.399219 0.935880 0.023958 0.071759
0 0.621875 0.823380 0.023438 0.062500
0 0.615104 0.761111 0.021354 0.065741
0 0.766536 0.840972 0.048698 0.043981
0 0.925911 0.869213 0.046094 0.039352
0 0.900260 0.773380 0.044792 0.036574
0 0.896354 0.746759 0.042708 0.035185
0 0.695312 0.496296 0.017708 0.045370
0 0.667448 0.459259 0.027604 0.031481
0 0.679297 0.399769 0.017969 0.039352
0 0.673698 0.318981 0.015625 0.041667
0 0.655339 0.216204 0.014844 0.021296
0 0.712109 0.227315 0.026823 0.030556
0 0.709115 0.184954 0.029167 0.031019
0 0.703385 0.167361 0.032813 0.027315
0 0.667708 0.084259 0.014063 0.028704
0 0.630729 0.019907 0.011979 0.023148
0 0.566797 0.071528 0.013802 0.030093
0 0.424740 0.453704 0.017708 0.053704
