0 0.523568 0.669907 0.025781 0.071296
0 0.635938 0.716435 0.024479 0.079167
0 0.610677 0.248148 0.020313 0.053704
0 0.651953 0.168519 0.023177 0.047222
0 0.685417 0.016898 0.017708 0.032870
0 0.696484 0.094676 0.016406 0.040278
0 0.693620 0.128472 0.019010 0.042130
0 0.699479 0.172685 0.017188 0.040741
0 0.708073 0.247454 0.017708 0.043056
0 0.724479 0.368750 0.020833 0.051389
0 0.732161 0.429861 0.023177 0.049537
0 0.738411 0.484259 0.022656 0.056481
0 0.749479 0.580787 0.023958 0.065278
0 0.755208 0.640972 0.023958 0.056944
0 0.774609 0.718750 0.024740 0.068056
0 0.816667 0.702546 0.026042 0.072685
0 0.793880 0.930093 0.030469 0.086111
0 0.903516 0.987500 0.040885 0.025000
