1 0.027995 0.952315 0.019531 0.055556
1 0.036068 0.928241 0.014844 0.064815
1 0.106510 0.920833 0.016146 0.075926
1 0.042188 0.730324 0.014583 0.069907
1 0.068359 0.737269 0.016406 0.070833
1 0.082812 0.711111 0.015625 0.071296
1 0.037500 0.535880 0.015104 0.071759
1 0.043490 0.364815 0.015104 0.050926
1 0.154557 0.666435 0.012240 0.049537
1 0.173828 0.662269 0.015365 0.058796
1 0.254557 0.730787 0.020052 0.070833
1 0.269141 0.734954 0.010156 0.057870
1 0.453385 0.719213 0.014063 0.043981
1 0.502344 0.685417 0.022396 0.072685
