1 0.509766 0.968287 0.022135 0.063426
1 0.544922 0.959259 0.024740 0.081481
1 0.411589 0.822917 0.015885 0.076389
1 0.454818 0.820602 0.019531 0.090278
1 0.473828 0.784722 0.019531 0.089815
1 0.466276 0.697222 0.018490 0.076852
1 0.447786 0.638194 0.015885 0.080093
1 0.464714 0.633333 0.017448 0.065741
1 0.482422 0.633333 0.016406 0.076852
1 0.405599 0.595602 0.019531 0.032870
1 0.451953 0.578009 0.015365 0.055093
1 0.494010 0.540278 0.016667 0.071296
1 0.535156 0.532639 0.022396 0.081019
1 0.515755 0.332639 0.017448 0.076389
1 0.471094 0.226620 0.017188 0.080093
1 0.442578 0.219676 0.017969 0.069907
1 0.414193 0.253935 0.014844 0.073611
1 0.391536 0.519907 0.016927 0.062963
1 0.410026 0.517824 0.017969 0.053241
1 0.430990 0.548148 0.015104 0.058333
1 0.458594 0.081944 0.016667 0.071296
