0 0.290234 0.021759 0.020573 0.042593
0 0.312500 0.136574 0.028646 0.064815
0 0.499870 0.391435 0.050260 0.055093
0 0.566406 0.378704 0.053125 0.045370
0 0.645052 0.346528 0.046354 0.052315
0 0.695182 0.229167 0.032031 0.059259
0 0.682292 0.098380 0.030729 0.056019
0 0.711458 0.087037 0.028125 0.049074
0 0.734635 0.193519 0.022396 0.062037
0 0.718099 0.342824 0.034115 0.068056
0 0.640625 0.526157 0.034896 0.066204
0 0.579297 0.679167 0.040365 0.078704
0 0.526693 0.917593 0.030990 0.105556
0 0.984375 0.978704 0.031250 0.042593
0 0.630599 0.012731 0.024219 0.024537
