0 0.039974 0.940972 0.032552 0.031944
0 0.331120 0.870139 0.027344 0.063426
0 0.359896 0.547917 0.019271 0.052315
0 0.361849 0.507870 0.017448 0.014815
0 0.429557 0.478472 0.015885 0.016204
0 0.394922 0.408333 0.010677 0.014815
0 0.423958 0.391898 0.012500 0.012500
0 0.458984 0.423148 0.009635 0.015741
0 0.419271 0.620370 0.017708 0.034259
0 0.450260 0.581019 0.014583 0.030556
0 0.497656 0.400231 0.009375 0.019907
0 0.508724 0.323843 0.007031 0.016204
0 0.519401 0.314815 0.006510 0.014815
0 0.506901 0.287037 0.005990 0.012037
0 0.517057 0.281944 0.006510 0.012963
0 0.507031 0.269213 0.006250 0.014352
0 0.501042 0.233796 0.005729 0.012963
0 0.511589 0.233565 0.007031 0.012500
0 0.505208 0.210880 0.005729 0.012500
0 0.501302 0.200694 0.004687 0.009722
0 0.494401 0.203704 0.005469 0.010185
0 0.489453 0.179167 0.005990 0.011111
0 0.474870 0.171065 0.006510 0.008796
0 0.598177 0.631481 0.020313 0.017593
0 0.308594 0.577546 0.017188 0.017130
0 0.306901 0.567361 0.014844 0.011574
0 0.305469 0.546759 0.018750 0.016667
0 0.304036 0.521759 0.017969 0.013889
0 0.306120 0.502083 0.014844 0.015278
0 0.309245 0.488426 0.014844 0.013889
