0 0.197526 0.920139 0.030469 0.029167
0 0.197005 0.901389 0.026302 0.025926
0 0.202083 0.851620 0.028646 0.027315
0 0.205078 0.798380 0.026823 0.024537
0 0.211719 0.759028 0.023958 0.022685
0 0.217448 0.730787 0.026562 0.020833
0 0.289583 0.767361 0.025000 0.022685
0 0.280469 0.857176 0.022396 0.093056
0 0.384635 0.787500 0.012500 0.032407
0 0.388672 0.706250 0.021094 0.021759
0 0.447266 0.800231 0.018490 0.043056
0 0.472526 0.782870 0.016927 0.040741
0 0.322656 0.469907 0.007292 0.014815
0 0.388021 0.546528 0.017188 0.018981
0 0.437891 0.589120 0.016927 0.019907
0 0.478255 0.628009 0.012760 0.030093
0 0.495312 0.653009 0.013542 0.031944
0 0.501172 0.594444 0.012240 0.029630
0 0.496094 0.477315 0.009375 0.023148
0 0.513281 0.476620 0.010417 0.025463
0 0.508594 0.408102 0.008333 0.020833
0 0.494922 0.403935 0.008073 0.017130
0 0.505208 0.378472 0.007292 0.015278
0 0.500260 0.324306 0.007812 0.018056
0 0.484896 0.293056 0.006771 0.012963
0 0.472526 0.257639 0.005990 0.010648
0 0.464062 0.236111 0.006250 0.013889
0 0.472526 0.235648 0.006510 0.010185
0 0.461068 0.215741 0.006510 0.010185
0 0.454557 0.558796 0.023177 0.027778
