0 0.444141 0.736574 0.020052 0.044444
0 0.509115 0.602083 0.016667 0.032870
0 0.537760 0.537963 0.017708 0.030556
0 0.558073 0.472917 0.014063 0.020833
0 0.576562 0.466898 0.015104 0.027315
0 0.564453 0.390509 0.012760 0.035648
0 0.566536 0.367824 0.011719 0.009722
0 0.621094 0.302546 0.009375 0.010648
0 0.602865 0.426852 0.013542 0.019444
0 0.641536 0.371991 0.011198 0.016204
0 0.639844 0.353704 0.010417 0.020370
0 0.667448 0.308565 0.009375 0.016204
0 0.680208 0.289815 0.008333 0.014815
0 0.698568 0.225926 0.005469 0.012037
0 0.699219 0.190278 0.005208 0.009259
0 0.706380 0.184028 0.004948 0.008796
0 0.698177 0.176389 0.004687 0.007407
0 0.704036 0.171296 0.004948 0.007407
0 0.696224 0.166667 0.004427 0.009259
0 0.747917 0.476620 0.017188 0.015278
0 0.775911 0.757639 0.033594 0.041204
0 0.951823 0.973611 0.020833 0.042593
0 0.967839 0.983565 0.017448 0.032870
0 0.792708 0.944444 0.019792 0.042593
0 0.774609 0.926157 0.021615 0.040278
0 0.738672 0.895139 0.020052 0.037500
0 0.776042 0.981250 0.019792 0.037500
0 0.759245 0.964815 0.019531 0.043519
0 0.745443 0.955093 0.021615 0.039815
0 0.732292 0.940972 0.020313 0.039352
0 0.706771 0.916667 0.020313 0.039815
0 0.643880 0.979398 0.029427 0.041204
0 0.636328 0.990046 0.024740 0.019907
0 0.293229 0.512731 0.019271 0.014352
0 0.289974 0.523380 0.021094 0.015278
0 0.278906 0.543056 0.020833 0.014815
0 0.277214 0.552083 0.021094 0.016204
0 0.268880 0.556250 0.019010 0.013426
