0 0.239323 0.932639 0.046875 0.046759
0 0.250651 0.907639 0.040885 0.037500
0 0.250000 0.879630 0.041667 0.038889
0 0.252083 0.831944 0.045312 0.039815
0 0.293880 0.573843 0.039323 0.037500
0 0.622526 0.833102 0.023698 0.063426
0 0.616276 0.770139 0.021615 0.067130
0 0.768490 0.850463 0.048438 0.047222
0 0.928906 0.879167 0.047396 0.041667
0 0.902995 0.784028 0.045052 0.038426
0 0.899089 0.753935 0.043490 0.036574
0 0.696094 0.500463 0.017188 0.044444
0 0.668229 0.465046 0.027604 0.032870
0 0.680729 0.404167 0.017188 0.037963
0 0.673438 0.320602 0.017708 0.042130
0 0.655599 0.218287 0.013802 0.022685
0 0.713802 0.228704 0.028646 0.027778
0 0.709766 0.187269 0.029427 0.029167
0 0.704427 0.169213 0.031771 0.027315
0 0.667708 0.084491 0.014063 0.031944
0 0.630599 0.020602 0.011719 0.021759
0 0.583854 0.111806 0.021354 0.022685
0 0.629297 0.006481 0.011719 0.012037
