1 0.377214 0.898380 0.019531 0.085648
1 0.369010 0.747917 0.021354 0.088426
1 0.427344 0.722222 0.020833 0.085185
1 0.419271 0.573843 0.022917 0.082870
1 0.442839 0.276389 0.023177 0.073148
1 0.467969 0.250694 0.025521 0.082870
1 0.510677 0.272222 0.027083 0.083333
1 0.505599 0.086343 0.026823 0.096759
1 0.592578 0.245370 0.026302 0.062037
1 0.602734 0.348843 0.019010 0.059722
1 0.601953 0.409028 0.028385 0.080093
1 0.558854 0.430787 0.020313 0.080093
1 0.613672 0.544676 0.021094 0.073611
1 0.568099 0.612731 0.016927 0.043056
1 0.567578 0.659954 0.021615 0.079167
1 0.587760 0.699074 0.021875 0.061111
1 0.556771 0.804167 0.020833 0.086111
1 0.594792 0.805093 0.023438 0.038889
1 0.592057 0.840046 0.026823 0.076389
1 0.633073 0.873843 0.030729 0.050463
