0 0.327604 0.917824 0.020313 0.043981
0 0.359505 0.449074 0.008073 0.013889
0 0.607552 0.804167 0.015104 0.039815
0 0.629427 0.783333 0.016146 0.042593
0 0.602344 0.635880 0.013021 0.031019
0 0.534375 0.455787 0.010937 0.018056
0 0.524870 0.405324 0.010677 0.017130
0 0.499479 0.378241 0.009375 0.018519
0 0.498568 0.350926 0.019531 0.034259
0 0.449349 0.293981 0.007552 0.013889
0 0.456510 0.289120 0.007812 0.013426
0 0.448698 0.274537 0.006771 0.012037
0 0.440495 0.250463 0.007552 0.020370
0 0.436328 0.240046 0.004948 0.009722
0 0.431771 0.224306 0.006771 0.019907
0 0.445573 0.214815 0.005729 0.011111
0 0.450391 0.198148 0.005990 0.010185
