0 0.392057 0.471528 0.005990 0.012500
0 0.579297 0.830787 0.014844 0.031944
0 0.528516 0.641667 0.010156 0.025000
0 0.517057 0.439352 0.007031 0.016667
0 0.507422 0.425000 0.005990 0.015741
0 0.506380 0.387269 0.006510 0.012500
0 0.488021 0.355787 0.005729 0.012500
0 0.482292 0.330093 0.006250 0.012037
0 0.472005 0.318750 0.007031 0.009722
0 0.461719 0.317130 0.006250 0.010185
0 0.446484 0.298380 0.007031 0.010648
0 0.389453 0.259028 0.007552 0.008796
0 0.377865 0.248380 0.006771 0.007870
0 0.371094 0.251157 0.007292 0.007870
0 0.346745 0.240278 0.007031 0.007407
