0 0.472526 0.231944 0.018490 0.050000
0 0.782292 0.894907 0.028125 0.087037
0 0.736068 0.813889 0.040365 0.049074
0 0.751172 0.680556 0.026823 0.071296
0 0.737240 0.506019 0.024479 0.071296
0 0.706771 0.305093 0.023958 0.050000
0 0.786458 0.318519 0.040625 0.041667
0 0.777604 0.238194 0.041146 0.043981
0 0.764193 0.203472 0.034115 0.041204
0 0.692969 0.160185 0.021875 0.039815
0 0.683594 0.055556 0.019271 0.044444
0 0.714193 0.047222 0.017969 0.043519
0 0.671354 0.018056 0.016667 0.035185
0 0.811979 0.381481 0.038021 0.038889
