0 0.345703 0.978009 0.030469 0.043981
0 0.436068 0.024537 0.017969 0.048148
0 0.499479 0.514815 0.021354 0.068519
0 0.609505 0.121759 0.019531 0.046296
0 0.638802 0.161574 0.019792 0.053704
0 0.643750 0.244213 0.019271 0.048611
0 0.646484 0.298148 0.019531 0.049074
0 0.650781 0.359491 0.020313 0.050463
0 0.656641 0.430093 0.019531 0.049074
0 0.661328 0.501620 0.023698 0.058796
0 0.783854 0.450000 0.045312 0.051852
0 0.665234 0.567593 0.024219 0.067593
0 0.753125 0.541204 0.021354 0.075000
0 0.756641 0.611574 0.025260 0.067593
0 0.679818 0.662963 0.025781 0.069444
0 0.685807 0.799537 0.025781 0.072222
0 0.798177 0.922222 0.027604 0.089815
