0 0.441927 0.954167 0.021875 0.069444
0 0.475260 0.888426 0.020313 0.064815
0 0.488542 0.748843 0.016146 0.044907
0 0.479036 0.635648 0.015885 0.037037
0 0.506250 0.609722 0.015625 0.037963
0 0.522135 0.482639 0.014583 0.025463
0 0.583073 0.364815 0.012500 0.020370
0 0.638411 0.306713 0.011719 0.017130
0 0.675391 0.287269 0.011719 0.015278
0 0.695833 0.269213 0.011458 0.015278
0 0.702604 0.252315 0.008333 0.013889
0 0.719401 0.245833 0.009635 0.016667
0 0.732031 0.234954 0.007292 0.011574
0 0.745703 0.203935 0.007031 0.015278
0 0.757292 0.195602 0.005729 0.012500
0 0.754687 0.185880 0.005729 0.011574
0 0.757943 0.170370 0.005469 0.010185
0 0.762240 0.139352 0.004167 0.008333
0 0.704557 0.302083 0.011198 0.006944
0 0.703516 0.307176 0.011719 0.006019
0 0.704036 0.311574 0.011198 0.008333
0 0.794401 0.352315 0.011719 0.012963
0 0.783984 0.369676 0.014323 0.012500
0 0.780078 0.532407 0.025781 0.028704
0 0.766146 0.618750 0.014583 0.021759
0 0.742578 0.600694 0.015885 0.022685
0 0.717839 0.608796 0.014844 0.022222
0 0.735286 0.623148 0.016406 0.020370
0 0.744010 0.629861 0.016667 0.021759
0 0.753255 0.635648 0.014844 0.023148
0 0.810807 0.352315 0.011198 0.010185
