1 0.466406 0.965278 0.012500 0.065741
1 0.469661 0.943750 0.011719 0.052315
1 0.445964 0.936806 0.020573 0.056019
1 0.428646 0.924306 0.018750 0.061574
1 0.500911 0.726157 0.016927 0.079167
1 0.563281 0.892361 0.025000 0.071759
1 0.587891 0.850463 0.015365 0.073148
1 0.474870 0.716898 0.020052 0.073611
1 0.452604 0.670139 0.011979 0.077315
1 0.541927 0.650463 0.016146 0.070370
1 0.479297 0.544907 0.016927 0.075000
1 0.495833 0.547685 0.014063 0.071296
1 0.453646 0.519907 0.012500 0.055556
1 0.464193 0.503009 0.014323 0.061574
1 0.492839 0.495602 0.016406 0.050463
1 0.470703 0.397454 0.017969 0.069907
1 0.497266 0.393056 0.017969 0.065741
1 0.541536 0.368056 0.015365 0.070370
1 0.501953 0.276157 0.012240 0.070833
1 0.479557 0.272685 0.014323 0.066667
1 0.481380 0.241204 0.015885 0.070370
1 0.452214 0.199537 0.016927 0.066667
1 0.497526 0.074306 0.015365 0.056944
1 0.491276 0.058565 0.015365 0.061574
1 0.583854 0.272454 0.010937 0.049537
1 0.603385 0.273611 0.015625 0.057407
1 0.654427 0.236343 0.010937 0.061574
1 0.689193 0.275694 0.017969 0.068056
1 0.725521 0.262500 0.022396 0.066667
1 0.871224 0.343056 0.014323 0.043519
