0 0.371354 0.554167 0.031771 0.120370
0 0.499349 0.168519 0.017969 0.047222
0 0.635547 0.163194 0.017969 0.041204
0 0.634375 0.101620 0.018229 0.043056
0 0.625130 0.041204 0.018490 0.041667
0 0.622266 0.011343 0.015885 0.021759
0 0.688151 0.020602 0.019531 0.040278
0 0.691536 0.064120 0.013802 0.039352
0 0.713151 0.226620 0.020052 0.051389
0 0.731901 0.299306 0.021615 0.046759
0 0.735677 0.343981 0.020313 0.050926
0 0.761068 0.377315 0.020052 0.053704
0 0.752344 0.430556 0.042708 0.037037
0 0.739844 0.468519 0.021354 0.056481
0 0.745964 0.524306 0.023177 0.056019
0 0.754818 0.591435 0.026823 0.061574
0 0.811328 0.691204 0.025260 0.071296
0 0.667839 0.664815 0.022135 0.062963
0 0.771875 0.732639 0.025000 0.058796
0 0.840104 0.855787 0.030208 0.085648
0 0.798828 0.908102 0.039844 0.078241
0 0.797396 0.967593 0.031771 0.064815
