0 0.156771 0.987731 0.033854 0.024537
0 0.163802 0.920602 0.031250 0.029167
0 0.173307 0.871528 0.027865 0.027315
0 0.180599 0.836574 0.029427 0.028704
0 0.261328 0.881250 0.027865 0.025463
0 0.367708 0.907870 0.014063 0.040741
0 0.374349 0.803241 0.023698 0.027778
0 0.447526 0.877546 0.019531 0.049537
0 0.468229 0.928241 0.021354 0.055556
0 0.482422 0.828704 0.017969 0.047222
0 0.433594 0.655787 0.020313 0.021759
0 0.377083 0.605556 0.017708 0.021296
0 0.490234 0.627778 0.012240 0.034259
0 0.510938 0.621065 0.012500 0.035648
0 0.495833 0.516435 0.009896 0.023611
0 0.512500 0.519444 0.009896 0.025000
0 0.509375 0.471759 0.008854 0.021296
0 0.503385 0.395139 0.008854 0.023611
0 0.487240 0.348611 0.007812 0.014815
0 0.477865 0.304861 0.006250 0.013426
0 0.469661 0.277546 0.007031 0.017130
0 0.479948 0.274074 0.007292 0.012037
0 0.468099 0.249306 0.007031 0.011574
0 0.450521 0.623380 0.027083 0.033796
