0 0.516016 0.728472 0.021094 0.095833
0 0.538021 0.723148 0.014583 0.046296
0 0.514193 0.563657 0.011719 0.025463
0 0.495833 0.478935 0.011458 0.021759
0 0.472396 0.444213 0.010417 0.019907
0 0.484505 0.433333 0.011198 0.023148
0 0.454948 0.393287 0.009375 0.017130
0 0.458984 0.373148 0.009635 0.018519
0 0.430469 0.331481 0.009375 0.014815
0 0.377865 0.275000 0.008333 0.012037
0 0.363932 0.249769 0.008073 0.012500
0 0.347786 0.240509 0.008073 0.013426
0 0.345833 0.223611 0.013542 0.021296
0 0.323437 0.195139 0.004167 0.008796
0 0.331120 0.196528 0.004948 0.009722
0 0.331380 0.189583 0.004948 0.008796
0 0.336979 0.173611 0.008333 0.017593
0 0.306641 0.549074 0.009115 0.021296
