0 0.448177 0.969213 0.024479 0.061574
0 0.462370 0.697685 0.017969 0.047222
0 0.489714 0.709491 0.017969 0.047685
0 0.489063 0.647685 0.015104 0.041667
0 0.507422 0.573380 0.013281 0.031019
0 0.509766 0.492361 0.014323 0.025463
0 0.530078 0.482870 0.012760 0.029630
0 0.552344 0.395833 0.013021 0.020370
0 0.612891 0.312731 0.011719 0.018056
0 0.666276 0.268519 0.010677 0.015741
0 0.695703 0.254861 0.009115 0.015278
0 0.714063 0.239352 0.009896 0.013889
0 0.719010 0.224537 0.007292 0.012037
0 0.733073 0.220370 0.007812 0.014815
0 0.742839 0.209491 0.006510 0.009722
0 0.749349 0.183333 0.005990 0.012963
0 0.759896 0.172222 0.005729 0.009259
0 0.755208 0.167361 0.005208 0.011574
0 0.757552 0.151852 0.004687 0.009259
0 0.757943 0.125694 0.004427 0.007870
0 0.757161 0.317593 0.010156 0.012963
0 0.718880 0.317824 0.008073 0.009722
0 0.778516 0.358102 0.013281 0.011574
0 0.771484 0.509722 0.024740 0.026852
0 0.757031 0.589120 0.012500 0.019907
0 0.735156 0.573148 0.015625 0.021296
0 0.711198 0.581250 0.015104 0.020833
0 0.727734 0.593981 0.015365 0.019444
0 0.736328 0.600463 0.015885 0.020370
0 0.745052 0.604861 0.014583 0.024537
0 0.701562 0.293056 0.010937 0.007407
0 0.700260 0.297454 0.010937 0.006944
0 0.701042 0.302546 0.010417 0.009722
0 0.854427 0.370370 0.012500 0.010185
