0 0.026953 0.716204 0.027344 0.087037
0 0.059896 0.093750 0.022396 0.056019
0 0.466406 0.160185 0.042708 0.050926
0 0.540755 0.163426 0.051823 0.043519
0 0.604297 0.154167 0.044531 0.044444
0 0.651693 0.089120 0.032552 0.054167
0 0.692708 0.023380 0.022396 0.045833
0 0.694010 0.091204 0.032813 0.053704
0 0.670182 0.185185 0.033594 0.062037
0 0.589063 0.352778 0.035417 0.062037
0 0.522656 0.512731 0.032292 0.072685
0 0.439323 0.643519 0.033333 0.085185
0 0.517969 0.727778 0.035417 0.095370
0 0.551302 0.884722 0.034896 0.088889
0 0.740625 0.877546 0.038542 0.092130
0 0.841016 0.708333 0.055990 0.052778
0 0.931380 0.641435 0.055990 0.053241
