0 0.359115 0.866898 0.028125 0.094907
0 0.502995 0.846528 0.029427 0.086574
0 0.787240 0.960185 0.032292 0.079630
0 0.890885 0.817593 0.044792 0.044444
0 0.880339 0.784259 0.059635 0.047222
0 0.840755 0.693750 0.047656 0.056019
0 0.745052 0.675000 0.030208 0.071296
0 0.828125 0.579861 0.047917 0.056944
0 0.810417 0.529398 0.041667 0.055093
0 0.725651 0.474769 0.024219 0.063426
0 0.711719 0.324306 0.022396 0.055093
0 0.747396 0.312500 0.021354 0.059259
0 0.696354 0.269213 0.019271 0.045833
0 0.691667 0.224537 0.020313 0.050000
0 0.683203 0.153935 0.019010 0.043056
0 0.678516 0.114352 0.019010 0.037963
0 0.673047 0.069907 0.016927 0.040741
0 0.578646 0.062963 0.017188 0.044444
0 0.375130 0.236574 0.020573 0.064815
