0 0.370703 0.610185 0.025781 0.078704
0 0.500130 0.598380 0.023177 0.071759
0 0.602604 0.011111 0.016667 0.021296
0 0.635026 0.100000 0.018490 0.046296
0 0.637370 0.164583 0.017448 0.042130
0 0.639193 0.208333 0.018490 0.043519
0 0.643229 0.263889 0.019271 0.045370
0 0.648307 0.328472 0.019010 0.048611
0 0.652734 0.391204 0.020573 0.052778
0 0.768880 0.344676 0.044010 0.047685
0 0.656510 0.450000 0.022917 0.060185
0 0.738542 0.425694 0.020833 0.067130
0 0.740885 0.489815 0.024479 0.059259
0 0.669271 0.538889 0.025000 0.065741
0 0.674349 0.653935 0.024740 0.064352
0 0.778516 0.763657 0.027344 0.078241
0 0.694010 0.935648 0.026562 0.079630
0 0.807422 0.896759 0.029948 0.080556
0 0.814583 0.964815 0.027083 0.070370
