0 0.240495 0.925926 0.047656 0.047222
0 0.251563 0.899074 0.042708 0.036111
0 0.251172 0.872454 0.039844 0.038426
0 0.252734 0.825926 0.044010 0.042593
0 0.294922 0.568287 0.040365 0.037500
0 0.621745 0.825926 0.023698 0.062963
0 0.616016 0.762731 0.021615 0.065278
0 0.766406 0.844213 0.047396 0.046759
0 0.925781 0.869444 0.047396 0.042593
0 0.901302 0.776620 0.045312 0.039352
0 0.897266 0.746528 0.045052 0.036574
0 0.667839 0.459722 0.027344 0.030556
0 0.694922 0.496065 0.017969 0.045833
0 0.679557 0.399537 0.018490 0.039815
0 0.672917 0.316898 0.016667 0.039352
0 0.654818 0.213889 0.013802 0.025000
0 0.712500 0.226389 0.029687 0.028704
0 0.709375 0.183565 0.031250 0.031019
0 0.703125 0.167824 0.032292 0.028241
0 0.581380 0.110185 0.020052 0.025000
0 0.667448 0.082639 0.015625 0.031944
0 0.630990 0.017824 0.013021 0.022685
