0 0.639453 0.717593 0.025260 0.075000
0 0.523307 0.517130 0.023177 0.062963
0 0.400651 0.115741 0.019531 0.050926
0 0.683854 0.009954 0.017188 0.018981
0 0.686589 0.035417 0.016927 0.047685
0 0.690104 0.070370 0.019271 0.042593
0 0.692187 0.102315 0.016667 0.044444
0 0.703125 0.157407 0.018750 0.047222
0 0.649479 0.293981 0.025000 0.045370
0 0.716016 0.258565 0.017969 0.048611
0 0.714844 0.299537 0.019792 0.050926
0 0.720703 0.355093 0.020052 0.050926
0 0.732031 0.447685 0.020833 0.051852
0 0.752083 0.600000 0.024479 0.060185
0 0.761979 0.678472 0.026562 0.061574
0 0.770182 0.748380 0.027344 0.068981
0 0.783984 0.870602 0.027865 0.078241
0 0.791797 0.949074 0.028906 0.076852
