0 0.171875 0.989120 0.059375 0.021759
0 0.186979 0.966898 0.049479 0.046759
0 0.187109 0.926389 0.050781 0.047222
0 0.190755 0.854167 0.054948 0.051852
0 0.222396 0.683333 0.046875 0.043519
0 0.247135 0.477315 0.047396 0.039815
0 0.642448 0.858796 0.028125 0.086111
0 0.634375 0.765278 0.028646 0.090741
0 0.822005 0.886343 0.061198 0.058796
0 0.978255 0.785417 0.043490 0.045833
0 0.975781 0.744213 0.048438 0.046759
0 0.726172 0.376620 0.020052 0.059722
0 0.692187 0.326389 0.031250 0.037963
0 0.705729 0.241204 0.021354 0.050000
0 0.697656 0.129398 0.019271 0.052315
0 0.741406 0.010648 0.034375 0.020370
