0 0.484766 0.916898 0.018490 0.061574
0 0.452083 0.864583 0.019792 0.063426
0 0.424349 0.915972 0.019531 0.066204
0 0.471875 0.634259 0.017188 0.040741
0 0.499219 0.633333 0.015104 0.037037
0 0.496224 0.588889 0.014323 0.038889
0 0.517578 0.527546 0.013281 0.027315
0 0.524740 0.453009 0.013542 0.023611
0 0.542578 0.449074 0.013281 0.026852
0 0.567969 0.372454 0.012500 0.018981
0 0.630469 0.298843 0.010417 0.018056
0 0.679948 0.258796 0.010417 0.015741
0 0.706120 0.245833 0.008594 0.013889
0 0.723437 0.231019 0.009375 0.013889
0 0.727865 0.215972 0.007812 0.012500
0 0.740625 0.212731 0.008333 0.013426
0 0.748568 0.202083 0.007552 0.011574
0 0.751953 0.178472 0.005990 0.011574
0 0.756771 0.162037 0.005208 0.010185
0 0.762500 0.165046 0.005208 0.007870
0 0.758984 0.147685 0.005469 0.009259
0 0.756641 0.122454 0.004427 0.008796
0 0.743229 0.307639 0.011458 0.012500
0 0.724089 0.323148 0.008594 0.012037
0 0.778516 0.358333 0.014323 0.013889
0 0.771615 0.509954 0.025521 0.028241
0 0.735026 0.573380 0.015885 0.021759
0 0.757031 0.588889 0.011979 0.018519
0 0.744531 0.604630 0.014583 0.023148
0 0.735938 0.599769 0.017188 0.019907
0 0.727734 0.593750 0.015365 0.019907
0 0.711328 0.581481 0.014844 0.020370
0 0.701693 0.294213 0.010677 0.007870
0 0.700781 0.298611 0.010937 0.006481
0 0.700781 0.303241 0.010937 0.009259
0 0.885677 0.386111 0.013021 0.011111
