0 0.610026 0.954167 0.021615 0.046296
0 0.537500 0.581944 0.010937 0.028704
0 0.524740 0.575231 0.009896 0.024537
0 0.528255 0.494444 0.009115 0.023148
0 0.515365 0.459722 0.007812 0.021296
0 0.523047 0.420602 0.006510 0.018981
0 0.518880 0.400000 0.007031 0.014815
0 0.510026 0.402546 0.008073 0.015278
0 0.503125 0.369676 0.009896 0.017130
0 0.471094 0.308333 0.008854 0.016667
0 0.457422 0.292593 0.007552 0.010185
0 0.452214 0.280324 0.007552 0.012500
0 0.438672 0.277546 0.009115 0.010648
0 0.399740 0.371991 0.006771 0.014352
