1 0.550651 0.866435 0.020052 0.085648
1 0.478646 0.852315 0.018750 0.066667
1 0.488021 0.820602 0.016667 0.077315
1 0.508203 0.731713 0.019010 0.083796
1 0.499349 0.686343 0.018490 0.068981
1 0.518880 0.644676 0.014844 0.081944
1 0.596875 0.649537 0.013542 0.080556
1 0.493099 0.534259 0.019531 0.078704
1 0.511979 0.390509 0.018229 0.064352
1 0.443490 0.392593 0.013542 0.068519
1 0.546094 0.317130 0.019792 0.078704
1 0.513932 0.257870 0.022135 0.075000
1 0.480469 0.041204 0.014583 0.059259
1 0.639583 0.471065 0.021875 0.065278
1 0.627083 0.535417 0.011979 0.061574
1 0.652083 0.530093 0.015625 0.055556
1 0.714844 0.497917 0.012500 0.060648
1 0.821224 0.618750 0.021094 0.091204
1 0.930599 0.600463 0.015885 0.079630
1 0.926562 0.583565 0.016667 0.080093
1 0.971484 0.623611 0.016406 0.052778
1 0.647135 0.551157 0.020313 0.026389
1 0.667057 0.551620 0.016406 0.025463
