0 0.357682 0.723148 0.025260 0.081481
0 0.493359 0.490741 0.022656 0.062963
0 0.649089 0.577083 0.021615 0.061574
0 0.683333 0.501852 0.023438 0.062037
0 0.422005 0.292130 0.021615 0.058333
0 0.523177 0.085648 0.018229 0.044444
0 0.713802 0.015278 0.016667 0.029630
0 0.693359 0.069907 0.019531 0.037037
0 0.678125 0.039583 0.034896 0.025463
0 0.696484 0.106944 0.017448 0.037963
0 0.701953 0.149537 0.020573 0.040741
0 0.743750 0.208796 0.021354 0.049074
0 0.711849 0.236343 0.019010 0.043981
0 0.762240 0.309028 0.021354 0.056944
0 0.729818 0.339352 0.029427 0.048148
0 0.726823 0.378009 0.021875 0.049537
0 0.734245 0.447917 0.020573 0.050463
0 0.780469 0.458102 0.021875 0.050463
0 0.742839 0.509028 0.021615 0.056019
0 0.782422 0.514120 0.019010 0.057870
0 0.738151 0.558102 0.047135 0.039352
0 0.735417 0.627778 0.046875 0.041667
0 0.762500 0.665278 0.027083 0.069444
0 0.772396 0.733333 0.027083 0.066667
0 0.780078 0.806481 0.030469 0.089815
0 0.786589 0.887037 0.031510 0.076852
0 0.792578 0.960648 0.028385 0.078704
0 0.922786 0.449074 0.027344 0.060185
