0 0.340625 0.778472 0.027083 0.073611
0 0.304948 0.473843 0.021354 0.062500
0 0.398828 0.432176 0.019531 0.048611
0 0.403646 0.064120 0.016146 0.040278
0 0.706380 0.285185 0.021615 0.048148
0 0.791016 0.146759 0.034115 0.026852
0 0.797526 0.158796 0.036719 0.025000
0 0.802604 0.174306 0.039583 0.024537
0 0.804036 0.187963 0.039323 0.025926
0 0.804557 0.204630 0.041927 0.037963
0 0.873437 0.138194 0.036979 0.031944
0 0.869010 0.167361 0.035937 0.027315
0 0.878646 0.183102 0.040625 0.029167
0 0.883984 0.203704 0.039323 0.025926
0 0.887370 0.223843 0.038802 0.033796
0 0.810156 0.250231 0.036979 0.034722
0 0.821224 0.280324 0.038802 0.036574
0 0.829818 0.313889 0.042969 0.032407
0 0.838672 0.328935 0.034635 0.031944
0 0.842969 0.351389 0.045312 0.037037
0 0.914453 0.290509 0.038802 0.030093
0 0.921224 0.307639 0.036719 0.028241
0 0.925260 0.330324 0.041667 0.034722
0 0.850000 0.385880 0.043229 0.035648
0 0.903646 0.381481 0.027604 0.048148
0 0.733203 0.452083 0.021094 0.049537
0 0.875911 0.492361 0.046094 0.042130
0 0.878646 0.521296 0.045833 0.037037
0 0.896615 0.621296 0.045833 0.034259
0 0.892969 0.640972 0.049479 0.043056
0 0.914974 0.669676 0.048177 0.043056
0 0.922786 0.698611 0.049740 0.044444
0 0.770964 0.713426 0.027344 0.067593
0 0.935026 0.782639 0.051302 0.054167
0 0.951042 0.845833 0.054688 0.043519
0 0.953516 0.876389 0.049219 0.051852
0 0.962240 0.923611 0.055729 0.046296
0 0.803646 0.965972 0.028125 0.068056
0 0.965495 0.959954 0.054427 0.049537
