0 0.522656 0.977778 0.029687 0.044444
0 0.556901 0.833333 0.045573 0.102778
0 0.621615 0.624769 0.039062 0.077315
0 0.674479 0.484259 0.031771 0.067593
0 0.612240 0.413426 0.052604 0.053704
0 0.682031 0.340046 0.035937 0.061574
0 0.743359 0.284491 0.025781 0.066204
0 0.706380 0.202083 0.024219 0.064352
0 0.699479 0.104861 0.032813 0.055093
0 0.653255 0.078009 0.035156 0.055093
0 0.391406 0.024537 0.049479 0.048148
0 0.286589 0.108565 0.022656 0.059722
0 0.309896 0.231019 0.031250 0.070370
0 0.367188 0.322917 0.040104 0.065278
0 0.541146 0.448611 0.051562 0.048148
