0 0.634766 0.861574 0.017448 0.044444
0 0.556510 0.565741 0.013021 0.022222
0 0.546094 0.494213 0.011979 0.021759
0 0.517448 0.454398 0.011979 0.021759
0 0.518229 0.420833 0.022917 0.042593
0 0.460286 0.343287 0.008073 0.015278
0 0.466667 0.334259 0.007812 0.014815
0 0.456641 0.317593 0.008073 0.014815
0 0.442839 0.286806 0.010677 0.023611
0 0.434115 0.275231 0.006250 0.012500
0 0.426563 0.255324 0.008333 0.021759
0 0.436328 0.242130 0.005990 0.012037
0 0.445833 0.222917 0.006771 0.010648
0 0.436719 0.222222 0.005729 0.011111
0 0.453385 0.212037 0.006250 0.010185
