0 0.232031 0.985185 0.048438 0.029630
0 0.243880 0.966204 0.041406 0.038889
0 0.243359 0.935880 0.042448 0.039352
0 0.245052 0.886111 0.048438 0.041667
0 0.288672 0.613889 0.040365 0.035185
0 0.625911 0.886343 0.022656 0.065278
0 0.620052 0.821065 0.024479 0.069907
0 0.775781 0.904861 0.051042 0.049537
0 0.941927 0.935648 0.048438 0.044444
0 0.914844 0.834259 0.044792 0.038889
0 0.910547 0.803241 0.045573 0.038889
0 0.700521 0.536343 0.019792 0.046759
0 0.671875 0.498148 0.028125 0.032407
0 0.684896 0.435648 0.019271 0.041667
0 0.678385 0.349537 0.017188 0.042593
0 0.658854 0.240741 0.015625 0.024074
0 0.717318 0.252083 0.028906 0.028241
0 0.713021 0.208333 0.029687 0.030556
0 0.708594 0.190509 0.033333 0.028241
0 0.605599 0.139815 0.024219 0.026852
0 0.670703 0.103704 0.015885 0.031481
0 0.633594 0.036343 0.014063 0.020833
0 0.630729 0.016898 0.012500 0.023611
