0 0.356641 0.872454 0.026302 0.092130
0 0.401172 0.813426 0.026823 0.087963
0 0.372917 0.500694 0.022917 0.072685
0 0.492057 0.547454 0.023177 0.066204
0 0.430339 0.115741 0.019010 0.050000
0 0.522786 0.118056 0.017969 0.045370
0 0.801823 0.965509 0.030208 0.068981
0 0.780729 0.848380 0.026562 0.074537
0 0.774609 0.780324 0.028385 0.072685
0 0.767708 0.706250 0.027604 0.081944
0 0.761068 0.639815 0.025781 0.060185
0 0.752865 0.576157 0.024479 0.065278
0 0.725651 0.542361 0.045573 0.039352
0 0.647786 0.562500 0.020052 0.058333
0 0.676953 0.427083 0.023177 0.056019
0 0.729427 0.478241 0.043750 0.037963
0 0.735156 0.431019 0.020833 0.051852
0 0.772266 0.436806 0.019010 0.056019
0 0.769922 0.385417 0.021094 0.045833
0 0.725651 0.375926 0.020573 0.048148
0 0.718490 0.311343 0.019792 0.046759
0 0.722396 0.275926 0.027083 0.049074
0 0.753646 0.246528 0.019792 0.053241
0 0.706901 0.179398 0.017448 0.043056
0 0.738021 0.154398 0.020833 0.047685
0 0.907422 0.377778 0.025781 0.057407
0 0.695573 0.097222 0.020313 0.037963
0 0.689844 0.057639 0.017188 0.033796
0 0.686589 0.021991 0.017969 0.037500
