0 0.547005 0.965046 0.019010 0.060648
0 0.514583 0.693981 0.019271 0.088889
0 0.535417 0.687269 0.014063 0.040278
0 0.511849 0.541435 0.013281 0.023611
0 0.493490 0.462269 0.011458 0.018981
0 0.470052 0.430556 0.010417 0.019444
0 0.482031 0.419676 0.010937 0.021759
0 0.452604 0.382639 0.008854 0.016204
0 0.455990 0.362269 0.009375 0.018981
0 0.428255 0.322685 0.010156 0.012963
0 0.376042 0.268750 0.008333 0.012500
0 0.361458 0.243750 0.008333 0.012500
0 0.346484 0.234722 0.007031 0.012037
0 0.344792 0.219213 0.013021 0.020833
0 0.324740 0.190741 0.004167 0.008333
0 0.331771 0.192593 0.004687 0.010185
0 0.333333 0.185648 0.004167 0.008333
0 0.339714 0.169907 0.008073 0.015741
0 0.309245 0.534722 0.008594 0.019444
0 0.313802 0.471065 0.007812 0.015278
