0 0.339714 0.975463 0.028906 0.049074
0 0.410938 0.512731 0.023958 0.071759
0 0.494792 0.435417 0.021354 0.061574
0 0.522786 0.054167 0.018490 0.040741
0 0.649609 0.589120 0.021615 0.058796
0 0.690885 0.584491 0.026042 0.065278
0 0.695573 0.012731 0.016667 0.024537
0 0.697005 0.036574 0.015885 0.037037
0 0.719922 0.054167 0.015885 0.038889
0 0.689323 0.089583 0.035417 0.028241
0 0.697917 0.119907 0.018229 0.041667
0 0.702604 0.159028 0.018750 0.038426
0 0.707943 0.203472 0.020573 0.043981
0 0.753125 0.269444 0.022396 0.050926
0 0.719661 0.295833 0.017969 0.042593
0 0.771875 0.376157 0.021354 0.059722
0 0.738411 0.407870 0.030469 0.053704
0 0.734245 0.450000 0.022135 0.051852
0 0.743099 0.524306 0.020573 0.051389
0 0.791406 0.536343 0.020833 0.052315
0 0.940104 0.526157 0.028125 0.061574
0 0.752604 0.592824 0.022917 0.062500
0 0.793620 0.595833 0.019531 0.062963
0 0.747656 0.644213 0.048438 0.040278
0 0.745313 0.720370 0.048438 0.045370
0 0.774219 0.761111 0.028125 0.076852
0 0.784896 0.837500 0.027083 0.073148
0 0.792057 0.916667 0.030469 0.094444
0 0.797917 0.981250 0.027604 0.037500
