0 0.332813 0.446065 0.007812 0.014352
0 0.572656 0.658565 0.012500 0.028241
0 0.561979 0.568519 0.013542 0.026852
0 0.529948 0.514583 0.011979 0.024537
0 0.532682 0.475926 0.023698 0.049074
0 0.468880 0.380324 0.008594 0.017130
0 0.474479 0.367824 0.008333 0.015278
0 0.462500 0.347685 0.008333 0.015741
0 0.446484 0.312500 0.012760 0.025000
0 0.434375 0.303009 0.006771 0.011574
0 0.425260 0.277315 0.008854 0.022222
0 0.432422 0.262963 0.005469 0.012963
0 0.429688 0.240278 0.006250 0.012037
0 0.439453 0.240972 0.005990 0.009722
0 0.445833 0.228241 0.006250 0.012963
