0 0.213411 0.866204 0.027865 0.027778
0 0.213151 0.850231 0.025260 0.023611
0 0.216406 0.804398 0.026562 0.025463
0 0.218880 0.756944 0.024740 0.023148
0 0.224609 0.721296 0.022135 0.022222
0 0.229557 0.695139 0.024219 0.020833
0 0.299349 0.728472 0.023698 0.020833
0 0.291276 0.809259 0.021615 0.085185
0 0.389974 0.746991 0.011719 0.029167
0 0.393620 0.672917 0.020573 0.020833
0 0.391797 0.524769 0.015365 0.018056
0 0.439323 0.565741 0.017188 0.021296
0 0.462109 0.698843 0.015365 0.038426
0 0.483724 0.684028 0.013802 0.035648
0 0.484505 0.562037 0.011198 0.026852
0 0.501823 0.580787 0.013021 0.028241
0 0.504427 0.531250 0.010417 0.026389
0 0.496354 0.434491 0.008854 0.023611
0 0.512630 0.434028 0.009635 0.023611
0 0.507422 0.374769 0.008073 0.019907
0 0.494271 0.369213 0.007812 0.016204
0 0.504036 0.348843 0.007031 0.014352
0 0.498828 0.302083 0.007552 0.018056
0 0.483724 0.274306 0.006510 0.012500
0 0.470443 0.241667 0.005990 0.011111
0 0.469792 0.222454 0.005729 0.009722
0 0.461458 0.222454 0.007292 0.013426
0 0.457943 0.204167 0.005990 0.010185
0 0.627995 0.961343 0.028906 0.028241
0 0.455990 0.537500 0.022917 0.027778
