0 0.177995 0.982870 0.050781 0.034259
0 0.182682 0.912269 0.056510 0.055093
0 0.215234 0.733796 0.048177 0.048148
0 0.241406 0.521296 0.047396 0.042593
0 0.646484 0.919213 0.029427 0.089352
0 0.636979 0.822222 0.028125 0.093519
0 0.830729 0.947454 0.064583 0.057870
0 0.982552 0.842824 0.034896 0.046759
0 0.980208 0.799306 0.038542 0.048611
0 0.730078 0.414583 0.021094 0.063426
0 0.695312 0.362269 0.034375 0.039352
0 0.708594 0.274074 0.021875 0.054630
0 0.699219 0.158333 0.021354 0.051852
0 0.676823 0.018750 0.018229 0.036574
0 0.744531 0.027778 0.034896 0.035185
