0 0.484766 0.875694 0.016927 0.055093
0 0.454688 0.832639 0.018750 0.059722
0 0.427474 0.863889 0.018490 0.060185
0 0.475521 0.615972 0.016667 0.038426
0 0.502604 0.612731 0.015104 0.037500
0 0.499089 0.570602 0.013802 0.034722
0 0.521224 0.513426 0.014323 0.027778
0 0.529818 0.439815 0.013281 0.024074
0 0.546615 0.438657 0.013542 0.027315
0 0.573047 0.365509 0.012240 0.018981
0 0.635547 0.294444 0.011198 0.017593
0 0.685026 0.255556 0.010677 0.014815
0 0.709635 0.243750 0.008333 0.012500
0 0.726953 0.228472 0.009115 0.012500
0 0.730208 0.213889 0.006250 0.011111
0 0.742708 0.210417 0.007812 0.013426
0 0.750911 0.200000 0.006510 0.009259
0 0.752865 0.176852 0.006250 0.012037
0 0.763542 0.162963 0.005208 0.008333
0 0.757682 0.160417 0.004948 0.009722
0 0.759375 0.145602 0.005208 0.007870
0 0.755990 0.121065 0.004687 0.008796
0 0.738411 0.304398 0.010156 0.014352
0 0.726302 0.325694 0.008854 0.009722
0 0.778776 0.358333 0.013802 0.012963
0 0.772005 0.510648 0.025260 0.028704
0 0.756771 0.589120 0.011979 0.020833
0 0.735547 0.573611 0.015365 0.021296
0 0.711719 0.581250 0.014583 0.020833
0 0.727995 0.593750 0.015885 0.021759
0 0.737370 0.600926 0.015365 0.021296
0 0.745052 0.605556 0.014583 0.024074
0 0.702214 0.294907 0.009635 0.007407
0 0.700911 0.299537 0.011719 0.008333
0 0.701042 0.303935 0.010937 0.009722
0 0.897005 0.391667 0.013281 0.012037
