0 0.332422 0.863426 0.027344 0.078704
0 0.394792 0.481250 0.020313 0.054167
0 0.322396 0.318750 0.017708 0.054167
0 0.402474 0.099769 0.017448 0.040278
0 0.800521 0.956713 0.027604 0.070833
0 0.972786 0.989815 0.054427 0.020370
0 0.968490 0.962500 0.054688 0.041667
0 0.950000 0.884259 0.049479 0.047222
0 0.945182 0.849769 0.055469 0.042130
0 0.937891 0.805556 0.045573 0.048148
0 0.935417 0.777315 0.052083 0.040741
0 0.769661 0.705556 0.026302 0.063889
0 0.921615 0.718519 0.051562 0.051852
0 0.910156 0.638657 0.046875 0.045833
0 0.902995 0.612500 0.045573 0.040741
0 0.986198 0.595833 0.027604 0.038889
0 0.882292 0.584259 0.043750 0.043519
0 0.885026 0.565972 0.042969 0.033796
0 0.732161 0.450000 0.021094 0.050926
0 0.868750 0.470833 0.043750 0.034259
0 0.866536 0.443056 0.042969 0.037037
0 0.841146 0.342130 0.040625 0.032407
0 0.833854 0.311343 0.043229 0.038426
0 0.829948 0.290046 0.033333 0.029167
0 0.820964 0.274074 0.041406 0.030556
0 0.892839 0.339120 0.028385 0.043981
0 0.914323 0.289815 0.040104 0.034259
0 0.910547 0.268981 0.034635 0.027778
0 0.904818 0.252546 0.036719 0.029167
0 0.814063 0.243056 0.038021 0.035185
0 0.803906 0.214583 0.033854 0.031944
0 0.707031 0.284722 0.021875 0.050000
0 0.797266 0.170602 0.040885 0.037500
0 0.796615 0.155324 0.039062 0.022685
0 0.795182 0.142130 0.037240 0.024074
0 0.791927 0.127315 0.036979 0.025000
0 0.784766 0.114120 0.033594 0.024537
0 0.879167 0.189352 0.036979 0.034259
0 0.873958 0.169444 0.035417 0.024074
0 0.869271 0.150926 0.038542 0.029630
0 0.864714 0.106944 0.035156 0.032407
