0 0.023438 0.582176 0.026042 0.081944
0 0.059635 0.028935 0.020833 0.052315
0 0.480859 0.198148 0.046094 0.050926
0 0.547917 0.195602 0.048958 0.045833
0 0.611979 0.184259 0.044792 0.041667
0 0.660417 0.112037 0.031771 0.052778
0 0.701823 0.031713 0.019792 0.049537
0 0.706250 0.105787 0.029687 0.051389
0 0.682031 0.207639 0.032813 0.059722
0 0.602604 0.374537 0.034375 0.060185
0 0.536458 0.530324 0.036458 0.074537
0 0.461589 0.795602 0.034635 0.096759
0 0.521224 0.751157 0.032031 0.095833
0 0.551823 0.912500 0.038021 0.091667
0 0.752214 0.941435 0.039323 0.096759
0 0.853776 0.764120 0.058073 0.055093
0 0.944531 0.693750 0.056771 0.054167
