0 0.700651 0.617824 0.020573 0.057870
0 0.705208 0.476389 0.020313 0.061111
0 0.991797 0.640741 0.016406 0.065741
0 0.929818 0.579398 0.026302 0.050463
0 0.960286 0.484491 0.025260 0.051389
0 0.942187 0.419444 0.019271 0.056481
0 0.871354 0.403935 0.045833 0.046759
0 0.686328 0.194213 0.025260 0.111574
0 0.701432 0.035880 0.017448 0.030093
0 0.884766 0.106713 0.029948 0.029167
0 0.878125 0.083333 0.033333 0.026852
0 0.859375 0.018981 0.040625 0.037037
0 0.799089 0.030324 0.033073 0.031019
0 0.806380 0.100000 0.031510 0.026852
0 0.805599 0.084259 0.034115 0.022222
0 0.803125 0.066435 0.029167 0.028241
0 0.803776 0.056019 0.033073 0.025000
0 0.361068 0.015741 0.017448 0.030556
0 0.678125 0.984722 0.026562 0.030556
