0 0.507552 0.966898 0.031771 0.066204
0 0.781901 0.955093 0.029948 0.086111
0 0.762760 0.737963 0.027604 0.082407
0 0.726172 0.491435 0.028385 0.064352
0 0.814453 0.507407 0.045573 0.048148
0 0.845833 0.585185 0.045312 0.043519
0 0.804036 0.409954 0.044010 0.052315
0 0.788151 0.368750 0.039323 0.050463
0 0.710417 0.318287 0.022917 0.052315
0 0.698047 0.191435 0.021615 0.052315
0 0.731771 0.181250 0.020313 0.053241
0 0.685417 0.146528 0.019271 0.044907
0 0.679818 0.102083 0.019531 0.040278
0 0.673177 0.044444 0.017708 0.038889
0 0.669401 0.013657 0.018490 0.026389
0 0.391016 0.338889 0.021615 0.062037
0 0.473047 0.013657 0.016927 0.026389
0 0.854297 0.611111 0.029948 0.041667
