0 0.520182 0.921759 0.016406 0.053704
0 0.541406 0.858796 0.015625 0.056481
0 0.517708 0.748380 0.013021 0.038426
0 0.535547 0.698148 0.013281 0.039815
0 0.504948 0.539120 0.018229 0.063426
0 0.516406 0.521065 0.011979 0.028241
0 0.492057 0.431713 0.010156 0.019907
0 0.472917 0.378009 0.009896 0.016204
0 0.452344 0.360185 0.009375 0.015741
0 0.461068 0.348611 0.009115 0.017593
0 0.434505 0.325231 0.008594 0.013426
0 0.431510 0.304861 0.007812 0.014352
0 0.406510 0.277778 0.008333 0.012037
0 0.359115 0.235648 0.006771 0.011111
0 0.347266 0.212500 0.005990 0.010185
0 0.336328 0.206481 0.005990 0.011111
0 0.337630 0.193519 0.009635 0.019444
0 0.333984 0.167824 0.004427 0.009722
0 0.338542 0.171759 0.005208 0.008333
0 0.343750 0.165741 0.005729 0.008333
0 0.329948 0.500231 0.008333 0.015278
