1 0.564974 0.792593 0.022656 0.090741
1 0.551823 0.787500 0.017708 0.088889
1 0.308854 0.549306 0.051562 0.056944
1 0.422786 0.530324 0.025260 0.083796
1 0.450521 0.544676 0.022917 0.076389
1 0.599219 0.415741 0.018229 0.084259
1 0.344271 0.409722 0.027604 0.062963
1 0.336849 0.198611 0.019010 0.085185
1 0.333073 0.031713 0.018229 0.062500
1 0.517969 0.161574 0.021354 0.094444
1 0.545312 0.141667 0.022917 0.081481
1 0.592318 0.169676 0.028906 0.052315
1 0.551562 0.125231 0.020833 0.070833
1 0.096615 0.328241 0.021354 0.091667
1 0.562891 0.978472 0.034635 0.043056
1 0.636458 0.956713 0.021875 0.072685
