1 0.508073 0.953472 0.024479 0.080093
1 0.544010 0.953935 0.025000 0.092130
1 0.604036 0.945602 0.018490 0.078241
1 0.578646 0.883565 0.015625 0.070833
1 0.551432 0.814815 0.018490 0.071296
1 0.534375 0.700000 0.019792 0.082407
1 0.473828 0.803241 0.019531 0.081481
1 0.452865 0.820833 0.018229 0.084259
1 0.469401 0.708796 0.017448 0.075000
1 0.483333 0.644444 0.016146 0.075000
1 0.465625 0.645370 0.016146 0.072222
1 0.447005 0.647917 0.015365 0.075463
1 0.451172 0.595833 0.015365 0.064815
1 0.430729 0.544444 0.015625 0.072222
1 0.486198 0.551852 0.018750 0.072222
1 0.536979 0.527778 0.029167 0.076852
1 0.414062 0.259028 0.013542 0.075463
1 0.441406 0.231250 0.021354 0.067130
1 0.468880 0.236111 0.017448 0.075000
1 0.512370 0.321528 0.016406 0.078241
1 0.457813 0.095833 0.017188 0.076852
1 0.412109 0.827546 0.019531 0.064352
1 0.405599 0.599537 0.019531 0.035185
1 0.391927 0.520602 0.022917 0.056019
1 0.409245 0.525000 0.018490 0.058333
