1 0.377604 0.896991 0.017708 0.089352
1 0.369792 0.743981 0.020833 0.088889
1 0.426042 0.711111 0.021875 0.079630
1 0.419531 0.573380 0.022396 0.081944
1 0.442839 0.265972 0.022135 0.075463
1 0.467057 0.240278 0.026302 0.081481
1 0.512891 0.284954 0.029948 0.086574
1 0.505469 0.091667 0.028125 0.094444
1 0.592969 0.242824 0.025521 0.066204
1 0.606771 0.396991 0.020833 0.088426
1 0.559505 0.427315 0.019531 0.083333
1 0.613932 0.543056 0.020573 0.079630
1 0.567839 0.628935 0.016406 0.085648
1 0.565365 0.658796 0.016667 0.079630
1 0.588542 0.696528 0.023958 0.061574
1 0.557813 0.808565 0.020313 0.091204
1 0.595182 0.803009 0.024219 0.042130
1 0.593620 0.838889 0.025781 0.080556
1 0.634896 0.871296 0.029167 0.051852
