1 0.400260 0.957639 0.026042 0.084722
1 0.341667 0.841204 0.031771 0.099074
1 0.350000 0.784954 0.029687 0.078241
1 0.491276 0.667361 0.027344 0.085648
1 0.670443 0.843519 0.030469 0.044444
1 0.670443 0.759028 0.028385 0.068056
1 0.437891 0.538657 0.024740 0.102315
1 0.411198 0.479398 0.023958 0.093981
1 0.335026 0.467130 0.019010 0.056481
1 0.574609 0.545139 0.024219 0.094907
1 0.540495 0.440046 0.036198 0.085648
1 0.590885 0.393287 0.034375 0.103241
1 0.591016 0.303704 0.019010 0.091667
1 0.531380 0.216204 0.022135 0.082407
1 0.585547 0.195370 0.026823 0.094444
