0 0.476693 0.978472 0.021094 0.043056
0 0.458203 0.809722 0.019531 0.057407
0 0.489063 0.777546 0.018750 0.057870
0 0.500391 0.584491 0.016927 0.033796
0 0.564063 0.420370 0.013542 0.025000
0 0.620833 0.346759 0.012500 0.017593
0 0.661719 0.320602 0.010937 0.015278
0 0.684505 0.298611 0.012240 0.016667
0 0.693229 0.278472 0.009375 0.013426
0 0.711068 0.272454 0.009635 0.017130
0 0.725781 0.260185 0.008854 0.012963
0 0.744141 0.224769 0.007552 0.014352
0 0.756641 0.219444 0.007031 0.010185
0 0.756641 0.204398 0.006510 0.013426
0 0.761198 0.187500 0.005729 0.010185
0 0.767448 0.153009 0.004687 0.006944
0 0.709766 0.314815 0.011198 0.008333
0 0.708594 0.319676 0.013021 0.006944
0 0.708984 0.323148 0.012240 0.008333
0 0.710417 0.329630 0.009375 0.010185
0 0.792057 0.385648 0.014323 0.012037
0 0.791016 0.562500 0.027865 0.029630
0 0.779427 0.657870 0.016667 0.024074
0 0.753516 0.637269 0.017969 0.023611
0 0.727734 0.646991 0.016406 0.022685
0 0.745703 0.662269 0.016406 0.023611
0 0.755469 0.669676 0.017708 0.022685
0 0.764974 0.676389 0.015885 0.026852
0 0.691016 0.252315 0.009115 0.009259
0 0.793620 0.348148 0.012240 0.012037
