0 0.371094 0.975463 0.024479 0.049074
0 0.444271 0.600463 0.017188 0.037037
0 0.506120 0.458102 0.014323 0.022685
0 0.552995 0.406250 0.012240 0.018056
0 0.563672 0.322685 0.012240 0.009259
0 0.578516 0.372454 0.013281 0.018981
0 0.591927 0.340046 0.010417 0.015278
0 0.609375 0.333796 0.011458 0.019444
0 0.627734 0.313889 0.009635 0.014815
0 0.653646 0.266667 0.008854 0.014815
0 0.664062 0.268519 0.007812 0.011111
0 0.670703 0.239583 0.007552 0.013426
0 0.679036 0.221065 0.005990 0.012500
0 0.687500 0.175694 0.004687 0.010648
0 0.691406 0.145370 0.004167 0.006481
0 0.687109 0.150000 0.004427 0.007407
0 0.683073 0.139352 0.004167 0.006481
0 0.687760 0.134954 0.004167 0.006019
0 0.680078 0.131250 0.004427 0.007870
0 0.636589 0.336806 0.012240 0.008796
0 0.636198 0.342593 0.011979 0.007407
0 0.636979 0.348380 0.011979 0.010648
0 0.724349 0.411806 0.014323 0.012500
0 0.834896 0.450694 0.016667 0.018056
0 0.734896 0.619907 0.028646 0.033333
0 0.871224 0.767824 0.016927 0.028241
0 0.699870 0.716435 0.017448 0.027315
0 0.729036 0.737731 0.016406 0.029167
0 0.727344 0.774537 0.015104 0.026852
0 0.714583 0.762963 0.015625 0.030556
0 0.704167 0.755787 0.018229 0.028241
0 0.693490 0.746759 0.016667 0.027778
0 0.673047 0.730787 0.016406 0.028241
0 0.614193 0.269444 0.010156 0.010185
0 0.688151 0.338657 0.010156 0.011574
0 0.322917 0.430324 0.016146 0.012500
0 0.320052 0.438194 0.017708 0.013426
0 0.311198 0.452778 0.018229 0.012037
0 0.310026 0.459028 0.017969 0.009722
