0 0.450651 0.941204 0.030990 0.117593
0 0.487109 0.762269 0.019531 0.051389
0 0.501302 0.641667 0.015104 0.038889
0 0.476432 0.642824 0.017448 0.043981
0 0.466797 0.590509 0.015365 0.036574
0 0.506250 0.503704 0.015104 0.030556
0 0.534115 0.488889 0.014063 0.027778
0 0.525260 0.465741 0.013021 0.029630
0 0.553385 0.431713 0.013021 0.021759
0 0.583724 0.377083 0.012760 0.022685
0 0.574870 0.365741 0.013281 0.020370
0 0.615234 0.321528 0.012760 0.016204
0 0.677734 0.266435 0.010156 0.018056
0 0.717578 0.232639 0.009635 0.013426
0 0.735156 0.223380 0.007812 0.011574
0 0.747786 0.209954 0.007031 0.011574
0 0.747266 0.195602 0.006510 0.011574
0 0.757682 0.193056 0.005990 0.012037
0 0.762109 0.181250 0.005990 0.009722
0 0.758854 0.164120 0.005208 0.010648
0 0.762500 0.147917 0.005208 0.008796
0 0.769141 0.146991 0.004427 0.006944
0 0.760807 0.135417 0.004427 0.006944
0 0.750781 0.115046 0.004167 0.006944
0 0.759766 0.592361 0.012760 0.019907
0 0.738151 0.577315 0.015365 0.021296
0 0.714193 0.585185 0.014844 0.020370
0 0.730339 0.597685 0.015885 0.021296
0 0.738932 0.604167 0.016406 0.020370
0 0.747786 0.608796 0.014323 0.023148
0 0.774219 0.514120 0.025521 0.027315
0 0.781120 0.362037 0.013802 0.012037
0 0.745443 0.346528 0.008594 0.011574
0 0.704036 0.298148 0.010677 0.007407
0 0.702995 0.302546 0.011719 0.006944
0 0.703385 0.307407 0.010417 0.009259
