1 0.383073 0.950000 0.021354 0.089815
1 0.443620 0.932407 0.020573 0.081481
1 0.434635 0.767593 0.022396 0.087037
1 0.458594 0.488194 0.021354 0.071759
1 0.483594 0.468287 0.022917 0.084722
1 0.521354 0.450694 0.027083 0.087500
1 0.442448 0.227083 0.022917 0.066204
1 0.519922 0.267130 0.026823 0.079630
1 0.494141 0.035185 0.023177 0.069444
1 0.539714 0.101389 0.019010 0.079630
1 0.552995 0.122685 0.023177 0.075926
1 0.581771 0.216667 0.021354 0.057407
1 0.607812 0.448843 0.025521 0.055093
1 0.616536 0.556250 0.017969 0.057870
1 0.573177 0.632870 0.020313 0.079630
1 0.627604 0.746528 0.022396 0.073611
1 0.581641 0.819444 0.015885 0.057407
1 0.586849 0.870370 0.026302 0.071296
1 0.603516 0.901620 0.025781 0.059722
1 0.573307 0.976852 0.022656 0.046296
1 0.562760 0.078241 0.019271 0.044444
