0 0.027474 0.788426 0.028385 0.111111
0 0.062109 0.125463 0.023177 0.061111
0 0.455208 0.138657 0.043229 0.051389
0 0.535677 0.144676 0.045833 0.043981
0 0.596354 0.135880 0.044271 0.041204
0 0.642839 0.074769 0.032031 0.048611
0 0.682813 0.080787 0.031771 0.053241
0 0.684766 0.020139 0.021615 0.039352
0 0.662109 0.168750 0.032552 0.057870
0 0.577474 0.338889 0.034115 0.058333
0 0.426953 0.572222 0.034115 0.086111
0 0.512630 0.499769 0.031510 0.074537
0 0.513281 0.711574 0.035937 0.096296
0 0.546745 0.867593 0.035156 0.094444
0 0.730078 0.844213 0.038281 0.091204
0 0.829557 0.678935 0.057031 0.056019
0 0.918620 0.612269 0.056510 0.052315
0 0.982292 0.754398 0.035417 0.057870
