0 0.689063 0.984722 0.023958 0.030556
0 0.709115 0.624769 0.022917 0.057870
0 0.714714 0.480324 0.021615 0.057870
0 0.955469 0.465278 0.019792 0.061111
0 0.974219 0.533796 0.026042 0.052778
0 0.943099 0.635417 0.027865 0.055093
0 0.882161 0.448148 0.048698 0.046296
0 0.688802 0.263657 0.027083 0.121759
0 0.702995 0.036806 0.017969 0.031019
0 0.893490 0.136574 0.029687 0.027778
0 0.885807 0.111806 0.034635 0.026389
0 0.819792 0.162037 0.034896 0.025926
0 0.812630 0.129630 0.032031 0.027778
0 0.812500 0.113426 0.034375 0.023148
0 0.809896 0.095370 0.029687 0.027778
0 0.810286 0.083333 0.034115 0.025000
0 0.804427 0.057407 0.031771 0.033333
0 0.867057 0.043056 0.041406 0.044444
0 0.802734 0.021528 0.032031 0.027315
0 0.799609 0.010648 0.032031 0.020370
0 0.344792 0.106713 0.018750 0.044907
0 0.684766 0.075463 0.013802 0.039815
