0 0.376823 0.718981 0.023438 0.062963
0 0.385807 0.263889 0.020052 0.047222
0 0.785677 0.943056 0.026562 0.071296
0 0.762370 0.673611 0.024219 0.062963
0 0.927604 0.798843 0.044271 0.031019
0 0.926693 0.775000 0.049740 0.038889
0 0.920312 0.745833 0.051042 0.038889
0 0.912500 0.715741 0.050000 0.040741
0 0.909505 0.688194 0.044010 0.035648
0 0.991146 0.634259 0.017708 0.037963
0 0.983854 0.591898 0.032292 0.039352
0 0.894531 0.625000 0.045833 0.037963
0 0.891536 0.598843 0.048177 0.036574
0 0.885156 0.562963 0.039583 0.041667
0 0.883203 0.541667 0.045573 0.036111
0 0.872396 0.496528 0.042708 0.043056
0 0.954297 0.470833 0.055990 0.061111
0 0.863672 0.432407 0.042448 0.038889
0 0.858073 0.410185 0.041146 0.035185
0 0.843490 0.388889 0.029687 0.035185
0 0.843359 0.375000 0.038281 0.027778
0 0.941667 0.397917 0.042708 0.034722
0 0.830078 0.298380 0.038802 0.030093
0 0.829036 0.273380 0.038281 0.030093
0 0.807943 0.193056 0.036719 0.028704
0 0.802474 0.167824 0.039844 0.036574
0 0.798698 0.149306 0.029687 0.028241
0 0.791667 0.136806 0.036979 0.026389
0 0.853516 0.184954 0.021615 0.036574
0 0.875391 0.149306 0.036198 0.031944
0 0.872656 0.129861 0.031250 0.025463
0 0.867969 0.118287 0.032813 0.024537
0 0.785286 0.110648 0.033594 0.032407
0 0.776172 0.086574 0.030990 0.030556
0 0.845182 0.066204 0.034115 0.028704
0 0.842578 0.050463 0.032031 0.025000
0 0.838281 0.033102 0.034375 0.024537
0 0.771484 0.050463 0.037760 0.032407
0 0.730339 0.430324 0.021094 0.045833
0 0.706771 0.277778 0.019792 0.049074
