0 0.355208 0.978935 0.027604 0.036574
0 0.369661 0.425463 0.021615 0.052778
0 0.767969 0.941435 0.024479 0.071759
0 0.977474 0.951389 0.045052 0.059259
0 0.751302 0.649306 0.024479 0.060648
0 0.883333 0.557407 0.041667 0.025926
0 0.877865 0.539120 0.045312 0.031944
0 0.872005 0.512731 0.045573 0.034722
0 0.869531 0.489120 0.042708 0.030093
0 0.955859 0.446759 0.036198 0.035185
0 0.943490 0.410880 0.039583 0.033796
0 0.857161 0.439815 0.038802 0.035185
0 0.855208 0.416898 0.041146 0.032870
0 0.850391 0.388426 0.035677 0.036111
0 0.848047 0.370833 0.040365 0.034259
0 0.729688 0.406944 0.019792 0.046296
0 0.839714 0.332639 0.038802 0.038426
0 0.912760 0.309954 0.049479 0.056019
0 0.833333 0.279398 0.038542 0.033796
0 0.827214 0.261111 0.037240 0.031481
0 0.813672 0.244213 0.030469 0.031019
0 0.815885 0.231481 0.036458 0.027778
0 0.905078 0.251389 0.039323 0.030556
0 0.707422 0.262500 0.021094 0.048148
0 0.803385 0.166898 0.035937 0.026389
0 0.802734 0.146065 0.035677 0.027315
0 0.785026 0.077083 0.033073 0.029167
0 0.780729 0.054398 0.036458 0.031944
0 0.777214 0.038194 0.026302 0.020833
0 0.771094 0.028704 0.031250 0.021296
0 0.764714 0.009954 0.030990 0.018981
0 0.825000 0.066435 0.019271 0.033796
0 0.848958 0.040046 0.032292 0.026389
0 0.846354 0.023148 0.030208 0.022222
0 0.841406 0.014120 0.030208 0.021759
