0 0.382943 0.897685 0.021615 0.060185
0 0.453125 0.562731 0.016667 0.031944
0 0.512240 0.434954 0.014063 0.022685
0 0.558073 0.388889 0.012500 0.019444
0 0.562891 0.317824 0.010677 0.009722
0 0.583203 0.357639 0.013281 0.018981
0 0.595313 0.327778 0.010937 0.014815
0 0.612500 0.321759 0.011458 0.018519
0 0.630599 0.302546 0.009635 0.013426
0 0.654687 0.258102 0.008854 0.015278
0 0.665885 0.259028 0.007812 0.011574
0 0.671224 0.231481 0.007552 0.012963
0 0.678776 0.213889 0.005990 0.012037
0 0.686458 0.169907 0.004687 0.010185
0 0.689583 0.141204 0.004167 0.006481
0 0.685677 0.146065 0.004167 0.006944
0 0.681250 0.134954 0.004167 0.006019
0 0.685677 0.131250 0.004167 0.006019
0 0.678125 0.127778 0.004167 0.008333
0 0.635156 0.331250 0.011458 0.007870
0 0.635156 0.337037 0.011979 0.006481
0 0.635938 0.342593 0.012500 0.010185
0 0.721354 0.404398 0.014583 0.012500
0 0.819661 0.435880 0.017448 0.015278
0 0.730469 0.606481 0.028125 0.032407
0 0.724870 0.718750 0.018490 0.029167
0 0.696745 0.698148 0.016927 0.027778
0 0.670052 0.712731 0.016146 0.028241
0 0.689714 0.728472 0.016927 0.025463
0 0.700000 0.737037 0.018229 0.025926
0 0.710547 0.742824 0.015885 0.029167
0 0.721745 0.754861 0.014844 0.025463
0 0.863411 0.747917 0.016927 0.027315
0 0.617969 0.747917 0.020833 0.022685
0 0.613672 0.264815 0.010156 0.010185
0 0.690365 0.336574 0.009896 0.011111
0 0.326302 0.421528 0.015625 0.011574
0 0.323568 0.429630 0.017448 0.013889
0 0.315104 0.443519 0.017708 0.012037
