0 0.305599 0.347222 0.023177 0.054630
0 0.727734 0.637963 0.023177 0.058333
0 0.735026 0.492361 0.018490 0.056944
0 0.696875 0.429167 0.030208 0.141667
0 0.711328 0.986343 0.022656 0.027315
0 0.973177 0.757407 0.029167 0.061111
0 0.982552 0.567130 0.021354 0.063889
0 0.905859 0.549769 0.051302 0.050463
0 0.697266 0.185648 0.016927 0.041667
0 0.705990 0.044213 0.017708 0.031944
0 0.836589 0.243519 0.035156 0.022222
0 0.837109 0.229861 0.037240 0.024537
0 0.828516 0.193750 0.033073 0.031019
0 0.828776 0.177315 0.034115 0.025000
0 0.824479 0.156944 0.030208 0.030556
0 0.826042 0.143981 0.034896 0.027778
0 0.818750 0.116204 0.033333 0.031481
0 0.816667 0.077315 0.033854 0.028704
0 0.812630 0.062731 0.033073 0.024537
0 0.807682 0.050231 0.037760 0.025463
0 0.802734 0.038657 0.032031 0.021759
0 0.881641 0.059028 0.035156 0.029167
0 0.884766 0.100463 0.046615 0.046296
0 0.905078 0.174074 0.034635 0.032407
0 0.913151 0.202546 0.032031 0.028241
