0 0.343880 0.979861 0.029427 0.040278
0 0.522917 0.756481 0.027604 0.077778
0 0.620182 0.448611 0.022135 0.062037
0 0.600391 0.083565 0.016927 0.044907
0 0.649870 0.104167 0.017969 0.038889
0 0.687109 0.023611 0.015365 0.037037
0 0.684896 0.053009 0.016667 0.037500
0 0.689714 0.097685 0.016927 0.039815
0 0.697396 0.163426 0.017708 0.041667
0 0.712630 0.272917 0.019010 0.045833
0 0.719141 0.326157 0.022135 0.042130
0 0.724349 0.375000 0.021615 0.050926
0 0.734766 0.460880 0.022656 0.055093
0 0.739714 0.514120 0.021615 0.050463
0 0.757161 0.584722 0.025260 0.062037
0 0.796354 0.567824 0.025000 0.066204
0 0.773958 0.767824 0.028125 0.079167
0 0.870964 0.839583 0.045052 0.065278
0 0.890755 0.906019 0.054948 0.067593
