0 0.249219 0.641435 0.039583 0.143981
0 0.425130 0.053704 0.015885 0.037963
0 0.690495 0.022685 0.030469 0.037037
0 0.800651 0.054167 0.036719 0.030556
0 0.857552 0.046991 0.028646 0.034722
0 0.826953 0.097222 0.027344 0.032407
0 0.792708 0.141667 0.031250 0.038889
0 0.717969 0.238194 0.025521 0.044907
0 0.659896 0.290509 0.020833 0.049537
0 0.706901 0.339352 0.018490 0.041667
0 0.713411 0.461343 0.025781 0.053241
0 0.849740 0.432407 0.021875 0.052778
0 0.939974 0.369907 0.044010 0.036111
0 0.743229 0.632870 0.027083 0.066667
0 0.714323 0.680556 0.021354 0.057407
0 0.769010 0.788657 0.026562 0.066204
0 0.881901 0.589815 0.029948 0.071296
0 0.894271 0.653704 0.027604 0.064815
0 0.979427 0.539815 0.041146 0.040741
0 0.987630 0.612269 0.024740 0.039352
