0 0.545573 0.911343 0.016146 0.054167
0 0.514323 0.664815 0.019271 0.083333
0 0.533073 0.654861 0.013542 0.038426
0 0.508854 0.520602 0.011458 0.022685
0 0.490625 0.446296 0.010417 0.018519
0 0.467708 0.418056 0.009375 0.016667
0 0.479297 0.406019 0.009635 0.020370
0 0.450781 0.372222 0.008854 0.014815
0 0.452734 0.351389 0.008594 0.017593
0 0.425260 0.314815 0.008333 0.013889
0 0.373828 0.262731 0.007552 0.010648
0 0.359375 0.238194 0.007292 0.012500
0 0.345313 0.229398 0.006771 0.012500
0 0.343620 0.215046 0.012240 0.019907
0 0.325651 0.187037 0.004427 0.008333
0 0.332682 0.189352 0.004427 0.009259
0 0.335026 0.181944 0.003906 0.007407
0 0.342187 0.167361 0.008854 0.016204
0 0.310547 0.519907 0.007552 0.019444
0 0.317318 0.474306 0.008073 0.016204
