0 0.603516 0.942824 0.023698 0.056944
0 0.535937 0.576620 0.010937 0.027315
0 0.522917 0.569907 0.009896 0.026852
0 0.527083 0.491204 0.009896 0.021296
0 0.514974 0.455787 0.008594 0.020833
0 0.521615 0.416898 0.007292 0.021759
0 0.517839 0.397454 0.007031 0.016204
0 0.508073 0.397454 0.007812 0.016204
0 0.500651 0.365972 0.008594 0.018056
0 0.466146 0.305787 0.008854 0.015278
0 0.453125 0.292130 0.007292 0.012963
0 0.449089 0.280324 0.009115 0.014352
0 0.432943 0.275463 0.007552 0.012037
0 0.399219 0.376852 0.006250 0.011111
