0 0.240495 0.923148 0.046615 0.046296
0 0.251563 0.897454 0.041146 0.039352
0 0.251042 0.868750 0.040104 0.038426
0 0.252604 0.822454 0.044271 0.038426
0 0.294271 0.567361 0.039583 0.035648
0 0.405990 0.842361 0.023438 0.078241
0 0.620573 0.823380 0.021875 0.061574
0 0.615104 0.761574 0.021354 0.066667
0 0.765755 0.840509 0.048698 0.043056
0 0.925130 0.868750 0.047135 0.043056
0 0.900130 0.774769 0.045052 0.037500
0 0.895312 0.746065 0.044792 0.036574
0 0.694661 0.496065 0.017969 0.043056
0 0.666667 0.459954 0.027083 0.031944
0 0.679036 0.399769 0.017448 0.038426
0 0.672786 0.319213 0.017448 0.041204
0 0.654427 0.216204 0.013021 0.025000
0 0.711979 0.226852 0.028125 0.026852
0 0.708203 0.184259 0.028906 0.030556
0 0.702474 0.166898 0.032031 0.027315
0 0.666667 0.083565 0.013542 0.028241
0 0.573568 0.104398 0.019531 0.031019
0 0.629948 0.019676 0.012500 0.023611
