0 0.382943 0.744213 0.022135 0.043981
0 0.421484 0.694444 0.017969 0.041667
0 0.288672 0.619676 0.021615 0.018981
0 0.287240 0.609028 0.018229 0.014352
0 0.285938 0.584028 0.021875 0.017130
0 0.286198 0.557407 0.019271 0.016667
0 0.288542 0.534259 0.016146 0.015741
0 0.291797 0.520370 0.015885 0.015741
0 0.347135 0.540972 0.018750 0.014352
0 0.345052 0.586111 0.019271 0.055556
0 0.417708 0.551852 0.008333 0.018519
0 0.419531 0.508333 0.015104 0.015741
0 0.373568 0.420139 0.009635 0.013426
0 0.413411 0.413194 0.012240 0.015278
0 0.450521 0.445602 0.010937 0.016204
0 0.481120 0.459259 0.011719 0.022222
0 0.500130 0.364815 0.008073 0.017593
0 0.511719 0.355093 0.007812 0.018519
0 0.499740 0.319676 0.006771 0.014352
0 0.511068 0.316435 0.007031 0.013426
0 0.501563 0.300231 0.007292 0.016204
0 0.494661 0.259259 0.005990 0.012963
0 0.506250 0.258796 0.007292 0.014815
0 0.500130 0.232407 0.005990 0.012037
0 0.496745 0.220139 0.005469 0.010648
0 0.489193 0.225463 0.005990 0.011111
0 0.485807 0.196528 0.006510 0.012500
0 0.470964 0.184954 0.005469 0.009722
0 0.597266 0.675694 0.021615 0.018981
