0 0.234115 0.769213 0.040104 0.124537
0 0.290495 0.598611 0.021615 0.069444
0 0.313802 0.134722 0.027604 0.087963
0 0.395833 0.071065 0.016146 0.042130
0 0.423828 0.068750 0.014323 0.035648
0 0.627865 0.015972 0.016667 0.031019
0 0.724479 0.036806 0.026562 0.033796
0 0.679688 0.120139 0.017188 0.034722
0 0.660807 0.240278 0.017969 0.047222
0 0.685937 0.194676 0.016146 0.036574
0 0.695703 0.306019 0.021094 0.045370
0 0.807552 0.230787 0.019271 0.043981
0 0.888281 0.180324 0.038021 0.029167
0 0.955729 0.165741 0.038021 0.028704
0 0.984635 0.228704 0.030729 0.028704
0 0.986198 0.255787 0.027604 0.030093
0 0.921484 0.312269 0.041927 0.032870
0 0.832943 0.349306 0.025260 0.060648
0 0.841927 0.400694 0.023438 0.050463
0 0.935937 0.368519 0.042708 0.035185
0 0.727083 0.497222 0.025521 0.060185
0 0.752604 0.654861 0.025521 0.061574
