0 0.233464 0.760417 0.031510 0.073611
0 0.348958 0.154861 0.018750 0.043056
0 0.707422 0.049306 0.017448 0.035648
0 0.809635 0.026620 0.033333 0.024537
0 0.810026 0.045139 0.032031 0.027315
0 0.815234 0.097222 0.032552 0.022222
0 0.815755 0.106481 0.029948 0.027778
0 0.826432 0.121528 0.034635 0.024537
0 0.830078 0.137500 0.035677 0.027778
0 0.897135 0.116204 0.036979 0.027778
0 0.833203 0.180093 0.035156 0.033333
0 0.900391 0.162963 0.047656 0.047222
0 0.839583 0.211806 0.039062 0.028241
0 0.839583 0.225231 0.031250 0.031944
0 0.843229 0.248611 0.038021 0.026852
0 0.843880 0.266204 0.034635 0.030556
0 0.923307 0.245833 0.036198 0.029630
0 0.851823 0.304167 0.038542 0.026852
0 0.853516 0.323380 0.040885 0.028241
0 0.932682 0.275231 0.035156 0.030093
0 0.747786 0.477778 0.020052 0.058333
0 0.702474 0.670602 0.035677 0.175463
0 0.745833 0.627315 0.021875 0.058333
0 0.929297 0.659722 0.055990 0.052778
