0 0.030859 0.293981 0.023698 0.066667
0 0.378255 0.057639 0.038281 0.053241
0 0.358333 0.351157 0.026042 0.069907
0 0.491276 0.094213 0.046094 0.042130
0 0.553125 0.086574 0.043750 0.039815
0 0.596094 0.040972 0.034896 0.049537
0 0.633203 0.047685 0.029427 0.050926
0 0.608073 0.142593 0.034896 0.055556
0 0.515495 0.316667 0.033073 0.057407
0 0.455729 0.486343 0.028125 0.073611
0 0.418750 0.692361 0.030208 0.084722
0 0.472526 0.687963 0.035156 0.092593
0 0.504167 0.833102 0.034375 0.090278
0 0.671094 0.753009 0.034896 0.087500
0 0.770833 0.598843 0.054688 0.051389
0 0.858203 0.536806 0.053385 0.051389
0 0.973828 0.504630 0.052344 0.051852
0 0.926953 0.670370 0.054427 0.051852
0 0.942448 0.727778 0.061458 0.058333
0 0.864193 0.902778 0.065365 0.058333
0 0.973437 0.818519 0.053125 0.062963
0 0.980729 0.864583 0.038542 0.062500
