0 0.313281 0.972454 0.020833 0.046759
0 0.356641 0.449074 0.007552 0.017593
0 0.612109 0.858796 0.016406 0.046296
0 0.636589 0.837500 0.015885 0.045370
0 0.607812 0.671759 0.014063 0.031481
0 0.538672 0.475926 0.011198 0.020370
0 0.528255 0.421065 0.010156 0.016204
0 0.502734 0.390509 0.010677 0.018056
0 0.502344 0.363194 0.020833 0.035648
0 0.451562 0.303241 0.007292 0.012963
0 0.458203 0.297454 0.007031 0.013426
0 0.449870 0.283102 0.007031 0.013426
0 0.440495 0.257407 0.008594 0.020370
0 0.435547 0.246065 0.004948 0.011574
0 0.430208 0.229167 0.006771 0.019444
0 0.443620 0.220602 0.005469 0.010648
0 0.447266 0.202546 0.006510 0.010648
