0 0.387109 0.961574 0.020052 0.062963
0 0.421615 0.914583 0.018750 0.066204
0 0.425911 0.663426 0.018490 0.040741
0 0.487760 0.459491 0.013542 0.027315
0 0.542708 0.369213 0.012500 0.018056
0 0.584245 0.336111 0.011719 0.016667
0 0.607031 0.311806 0.011979 0.017130
0 0.616276 0.289583 0.009635 0.014352
0 0.633854 0.283565 0.009896 0.016204
0 0.648698 0.268287 0.008854 0.012500
0 0.667708 0.230556 0.007812 0.012963
0 0.680078 0.226157 0.006510 0.011574
0 0.681120 0.208796 0.006510 0.012963
0 0.686068 0.192130 0.004948 0.010185
0 0.692187 0.154630 0.005208 0.006481
0 0.639974 0.314583 0.012240 0.007870
0 0.639583 0.320139 0.011979 0.006019
0 0.639583 0.324769 0.011458 0.007870
0 0.637891 0.328935 0.009115 0.009722
0 0.721875 0.382870 0.014583 0.012037
0 0.777865 0.392361 0.012500 0.013426
0 0.725651 0.562963 0.026823 0.030556
0 0.717578 0.661111 0.016406 0.025926
0 0.691927 0.643519 0.015625 0.024074
0 0.666276 0.654630 0.015885 0.025000
0 0.684766 0.668981 0.015885 0.025000
0 0.694401 0.676620 0.016927 0.024537
0 0.704036 0.681481 0.015885 0.026852
0 0.570833 0.302546 0.010417 0.007870
0 0.692708 0.127315 0.003646 0.006481
0 0.689453 0.132639 0.004427 0.006944
0 0.620182 0.253009 0.009635 0.009722
0 0.711979 0.336343 0.008854 0.010648
