0 0.339062 0.447222 0.006771 0.012963
0 0.642448 0.925000 0.019271 0.050926
0 0.561589 0.594907 0.013802 0.026852
0 0.551302 0.517824 0.011979 0.023611
0 0.521094 0.474074 0.011979 0.024074
0 0.522917 0.437731 0.022396 0.044907
0 0.463281 0.355093 0.008333 0.016667
0 0.469141 0.345139 0.008073 0.015278
0 0.458464 0.326620 0.008073 0.014352
0 0.443880 0.295370 0.011198 0.023148
0 0.434245 0.284259 0.005990 0.012037
0 0.426042 0.261111 0.008854 0.020370
0 0.435026 0.249074 0.005469 0.012963
0 0.434505 0.228241 0.005990 0.011111
0 0.443880 0.229167 0.005469 0.008333
0 0.450651 0.217824 0.006510 0.011574
