0 0.392188 0.497685 0.006250 0.012037
0 0.664453 0.982639 0.019531 0.034722
0 0.589714 0.746296 0.013281 0.028704
0 0.549349 0.649074 0.011198 0.025926
0 0.529818 0.494213 0.007552 0.018981
0 0.513542 0.425000 0.006771 0.015741
0 0.497266 0.316435 0.006510 0.012500
0 0.482682 0.301852 0.005990 0.010185
0 0.475781 0.284722 0.006250 0.008333
0 0.445573 0.262269 0.005729 0.007870
0 0.434375 0.247917 0.006250 0.008796
0 0.420443 0.241204 0.006510 0.008333
0 0.408984 0.239120 0.006510 0.006944
0 0.392708 0.229630 0.007292 0.008333
