0 0.260026 0.825694 0.029427 0.084722
0 0.342448 0.172454 0.018750 0.046759
0 0.321875 0.102083 0.023958 0.063426
0 0.433073 0.041898 0.016146 0.034722
0 0.370703 0.010880 0.020052 0.020833
0 0.675260 0.016898 0.015104 0.032870
0 0.639062 0.105556 0.017188 0.045370
0 0.723958 0.061111 0.039583 0.039815
0 0.646224 0.217130 0.018490 0.048148
0 0.892578 0.096065 0.033073 0.035648
0 0.894271 0.129630 0.034375 0.041667
0 0.923958 0.131713 0.028646 0.037500
0 0.957292 0.124306 0.058854 0.100463
0 0.957031 0.196528 0.024479 0.039352
0 0.972396 0.270602 0.022396 0.047685
0 0.959896 0.330324 0.026562 0.043056
0 0.908203 0.338194 0.040885 0.040278
0 0.939714 0.379861 0.030990 0.045833
0 0.836589 0.353935 0.041927 0.036574
0 0.747005 0.313889 0.040365 0.054630
0 0.664583 0.374537 0.022917 0.050000
0 0.856510 0.514120 0.038021 0.053241
0 0.771224 0.669213 0.025781 0.057870
0 0.761979 0.825926 0.027083 0.068519
0 0.788932 0.987037 0.027865 0.025926
0 0.955599 0.945833 0.032031 0.079630
