0 0.484766 0.782870 0.017448 0.051852
0 0.455729 0.759722 0.018229 0.050000
0 0.484245 0.707639 0.016406 0.046759
0 0.500911 0.617130 0.013802 0.033333
0 0.499089 0.530093 0.014323 0.029630
0 0.521875 0.514352 0.013542 0.031481
0 0.542188 0.418981 0.013021 0.020370
0 0.602995 0.325926 0.011719 0.020370
0 0.657292 0.279167 0.011458 0.015741
0 0.689193 0.264120 0.009635 0.014352
0 0.707552 0.247454 0.009896 0.016204
0 0.713411 0.232176 0.008073 0.012500
0 0.728516 0.227546 0.008594 0.014352
0 0.739193 0.216898 0.007031 0.010648
0 0.747786 0.189352 0.006510 0.012963
0 0.758854 0.179167 0.005729 0.009259
0 0.754557 0.172454 0.004948 0.010648
0 0.757161 0.156944 0.004948 0.009259
0 0.759115 0.130093 0.004167 0.007407
0 0.768359 0.326852 0.011198 0.012963
0 0.779948 0.359954 0.014583 0.011574
0 0.773307 0.514583 0.025260 0.028241
0 0.758984 0.594907 0.012760 0.020370
0 0.736849 0.579398 0.015365 0.022685
0 0.712630 0.586111 0.014844 0.023148
0 0.729036 0.600231 0.015365 0.020833
0 0.737500 0.606481 0.017708 0.022222
0 0.746615 0.611111 0.015625 0.024074
0 0.702083 0.294676 0.010417 0.006944
0 0.701172 0.299306 0.011198 0.006944
0 0.701302 0.304167 0.010937 0.009259
