1 0.371745 0.889352 0.027865 0.070370
1 0.363802 0.675463 0.018229 0.085185
1 0.358594 0.518750 0.022396 0.085648
1 0.413411 0.481481 0.022135 0.086111
1 0.405990 0.354630 0.023958 0.082407
1 0.428646 0.032639 0.023438 0.064352
1 0.501302 0.085417 0.028646 0.085648
1 0.578255 0.027778 0.023177 0.054630
1 0.598958 0.158565 0.019271 0.082870
1 0.582812 0.117824 0.018229 0.077315
1 0.544141 0.205556 0.019010 0.087037
1 0.602214 0.319907 0.020573 0.079630
1 0.553385 0.396991 0.015625 0.064352
1 0.548958 0.433102 0.015625 0.081944
1 0.573307 0.468287 0.021094 0.072685
1 0.545182 0.593981 0.021094 0.085185
1 0.581641 0.581481 0.024740 0.040741
1 0.578776 0.618750 0.025781 0.083796
1 0.618229 0.648380 0.031250 0.051389
1 0.627083 0.892824 0.017708 0.086574
1 0.136719 0.793287 0.016667 0.087500
