1 0.564714 0.982870 0.036719 0.034259
1 0.631901 0.956944 0.023177 0.075000
1 0.564583 0.796296 0.022917 0.090741
1 0.551042 0.789352 0.017188 0.087963
1 0.598828 0.416667 0.017969 0.086111
1 0.593620 0.172685 0.025260 0.050000
1 0.549219 0.141667 0.025000 0.075000
1 0.548047 0.108333 0.019531 0.044444
1 0.517448 0.149074 0.021875 0.090741
1 0.452214 0.566435 0.022656 0.081019
1 0.424479 0.551157 0.025000 0.087500
1 0.308073 0.551157 0.053125 0.059722
1 0.343099 0.411111 0.028906 0.062963
1 0.334896 0.200231 0.018750 0.086574
1 0.329818 0.035648 0.020573 0.070370
1 0.101693 0.332870 0.020052 0.097222
