0 0.362891 0.728009 0.027344 0.086574
0 0.499609 0.570139 0.024219 0.074537
0 0.604688 0.039352 0.017708 0.043519
0 0.636458 0.120833 0.018750 0.050000
0 0.640234 0.191898 0.018490 0.044907
0 0.642708 0.237963 0.020833 0.048148
0 0.645833 0.294444 0.020313 0.046296
0 0.651432 0.361574 0.019010 0.049074
0 0.773698 0.379630 0.043750 0.049074
0 0.655859 0.427315 0.023177 0.056481
0 0.659635 0.487500 0.023438 0.062037
0 0.743229 0.465046 0.022917 0.069907
0 0.745964 0.528935 0.024740 0.061574
0 0.673307 0.578009 0.026302 0.065278
0 0.677734 0.700694 0.024219 0.067130
0 0.783854 0.813889 0.027083 0.080556
0 0.696094 0.967130 0.026562 0.065741
0 0.814583 0.953935 0.032813 0.081944
