0 0.048568 0.897685 0.050260 0.058333
0 0.100391 0.971296 0.030990 0.057407
0 0.284375 0.979861 0.056771 0.040278
0 0.361979 0.957639 0.060417 0.063426
0 0.358984 0.915046 0.058594 0.049537
0 0.363281 0.874074 0.056771 0.050926
0 0.420703 0.846528 0.054948 0.054167
0 0.341276 0.831944 0.057031 0.069444
0 0.338932 0.792361 0.054948 0.045833
0 0.348568 0.743056 0.058594 0.060185
0 0.407682 0.755556 0.058073 0.059259
0 0.071224 0.610417 0.027344 0.082870
0 0.105859 0.441204 0.026302 0.065741
0 0.346354 0.374074 0.027083 0.070370
