0 0.260286 0.545833 0.037240 0.128704
0 0.402214 0.016898 0.016406 0.019907
0 0.425260 0.054861 0.015625 0.039352
0 0.793229 0.034491 0.035417 0.027315
0 0.846745 0.032407 0.027865 0.035185
0 0.816016 0.081019 0.027865 0.033333
0 0.782292 0.125694 0.029687 0.038426
0 0.654427 0.242361 0.019271 0.049537
0 0.710286 0.220139 0.024219 0.043056
0 0.704036 0.316435 0.017448 0.043056
0 0.842708 0.400463 0.021354 0.052778
0 0.932292 0.339352 0.041667 0.034259
0 0.991927 0.322454 0.016146 0.030093
0 0.711849 0.436343 0.023698 0.051389
0 0.740625 0.609028 0.027083 0.066204
0 0.873828 0.551157 0.029427 0.069907
0 0.886198 0.613194 0.025521 0.063426
0 0.973177 0.502315 0.047917 0.038889
0 0.982422 0.572454 0.035156 0.040278
0 0.766536 0.767130 0.027344 0.066667
