0 0.377734 0.504630 0.023698 0.073148
0 0.499479 0.625463 0.022917 0.072222
0 0.632943 0.078472 0.017969 0.045833
0 0.635417 0.137731 0.017188 0.040278
0 0.636979 0.179861 0.017708 0.043056
0 0.640625 0.233333 0.019792 0.043519
0 0.645833 0.295139 0.018750 0.043056
0 0.764583 0.312037 0.043229 0.046296
0 0.649870 0.357407 0.022135 0.050926
0 0.653255 0.412963 0.022656 0.058333
0 0.733854 0.390278 0.020833 0.065741
0 0.737240 0.451157 0.021875 0.059722
0 0.666536 0.498843 0.024219 0.059722
0 0.670703 0.609954 0.023177 0.062500
0 0.773438 0.713657 0.023438 0.073611
0 0.800651 0.840046 0.028385 0.076389
0 0.691406 0.899306 0.023438 0.072685
0 0.807813 0.913426 0.028125 0.080556
0 0.821094 0.988194 0.033854 0.023611
0 0.991406 0.143519 0.017188 0.043519
