1 0.466927 0.965046 0.014063 0.068056
1 0.445833 0.938889 0.020833 0.063889
1 0.429818 0.927083 0.020052 0.068981
1 0.564063 0.894907 0.025000 0.069444
1 0.588281 0.851620 0.016146 0.078241
1 0.502083 0.712037 0.017188 0.067593
1 0.474479 0.709259 0.021875 0.069444
1 0.452865 0.668056 0.011979 0.078704
1 0.542057 0.660880 0.016927 0.075463
1 0.479167 0.538889 0.016146 0.075000
1 0.496094 0.540741 0.015104 0.070370
1 0.455469 0.521759 0.011979 0.063889
1 0.464453 0.497685 0.014323 0.057407
1 0.467057 0.399074 0.015365 0.069444
1 0.494922 0.395602 0.021094 0.069907
1 0.536719 0.371991 0.021354 0.071759
1 0.501042 0.276389 0.013021 0.069444
1 0.480339 0.233796 0.015365 0.065741
1 0.480599 0.268981 0.013281 0.062037
1 0.454167 0.191667 0.016667 0.059259
1 0.500651 0.078009 0.014323 0.055093
1 0.492448 0.059491 0.015104 0.060648
1 0.584766 0.271528 0.011719 0.051389
1 0.603385 0.266898 0.015104 0.049537
1 0.666797 0.240509 0.016406 0.061574
1 0.684245 0.277778 0.011719 0.067593
1 0.717318 0.260880 0.010156 0.070833
1 0.872005 0.341435 0.015365 0.043056
1 0.469792 0.933796 0.013021 0.039815
1 0.493490 0.492361 0.016667 0.052315
