0 0.481120 0.950926 0.017448 0.064815
0 0.503776 0.837731 0.015885 0.042130
0 0.497786 0.666204 0.012240 0.032407
0 0.473958 0.586806 0.010937 0.029167
0 0.489714 0.565278 0.011719 0.035185
0 0.467318 0.512037 0.010677 0.024074
0 0.477865 0.484722 0.010937 0.025926
0 0.446094 0.396759 0.017708 0.044444
0 0.450651 0.378472 0.010156 0.019907
0 0.423698 0.327778 0.008854 0.015741
0 0.403125 0.295139 0.008333 0.012500
0 0.385937 0.286111 0.008333 0.011111
0 0.389583 0.274074 0.008333 0.014815
0 0.366406 0.262269 0.007812 0.010648
0 0.358073 0.243750 0.006771 0.011574
0 0.334245 0.225231 0.008073 0.009722
0 0.295833 0.195833 0.005208 0.008333
0 0.290755 0.177546 0.004948 0.006944
0 0.283724 0.173611 0.004427 0.009259
0 0.289193 0.162269 0.006510 0.017130
0 0.292318 0.514352 0.009635 0.015741
