0 0.236849 0.957407 0.047135 0.047222
0 0.248307 0.931019 0.041406 0.037037
0 0.246875 0.902315 0.042188 0.038889
0 0.249219 0.854398 0.046354 0.042130
0 0.623307 0.854167 0.023698 0.065741
0 0.617839 0.788889 0.023177 0.068519
0 0.771745 0.872917 0.050260 0.045833
0 0.933984 0.900000 0.046094 0.043519
0 0.907552 0.803241 0.046354 0.039815
0 0.903516 0.773843 0.044010 0.036574
0 0.697656 0.515046 0.018750 0.045833
0 0.669271 0.477546 0.026562 0.030093
0 0.682031 0.416898 0.019792 0.041204
0 0.675260 0.332639 0.018229 0.042130
0 0.715495 0.237037 0.028906 0.028704
0 0.657813 0.226157 0.016667 0.021759
0 0.711458 0.195602 0.030208 0.031019
0 0.705859 0.177546 0.032552 0.028241
0 0.669531 0.091898 0.014063 0.027315
0 0.631380 0.025926 0.012240 0.020370
0 0.629297 0.009028 0.013281 0.017130
0 0.592318 0.123148 0.022135 0.017593
