0 0.393620 0.497454 0.006510 0.013426
0 0.638021 0.873843 0.015104 0.034722
0 0.575911 0.679167 0.011198 0.024074
0 0.541536 0.596065 0.009635 0.020833
0 0.526953 0.461111 0.006510 0.015741
0 0.512500 0.400000 0.005729 0.013889
0 0.493099 0.300694 0.005990 0.012500
0 0.477865 0.288194 0.006250 0.010648
0 0.470964 0.271991 0.006510 0.008796
0 0.439193 0.250694 0.004948 0.007870
0 0.426823 0.237269 0.006771 0.008796
0 0.413151 0.230787 0.005990 0.008796
0 0.401302 0.228935 0.006250 0.006944
0 0.385156 0.220602 0.006250 0.006944
