0 0.536979 0.913194 0.039583 0.106944
0 0.602995 0.679167 0.040885 0.080556
0 0.657813 0.538194 0.033333 0.069907
0 0.666797 0.370602 0.041406 0.060648
0 0.736328 0.341898 0.031510 0.072685
0 0.704167 0.243056 0.026562 0.063889
0 0.725781 0.170139 0.028646 0.058796
0 0.670833 0.110880 0.033854 0.059722
0 0.680599 0.051620 0.029948 0.045833
0 0.391536 0.025000 0.047135 0.049074
0 0.282292 0.021296 0.020313 0.041667
0 0.291536 0.143056 0.024219 0.062037
0 0.332682 0.258796 0.033073 0.068519
0 0.516797 0.449769 0.052865 0.052315
0 0.582161 0.427546 0.054948 0.048611
