1 0.557292 0.851157 0.019271 0.089352
1 0.480208 0.850463 0.019271 0.071296
1 0.488802 0.820833 0.016667 0.075926
1 0.507682 0.754398 0.017969 0.088426
1 0.502474 0.705556 0.016927 0.056481
1 0.511979 0.661343 0.016667 0.081019
1 0.500260 0.554167 0.020313 0.080556
1 0.531250 0.419213 0.021875 0.061574
1 0.443229 0.393056 0.012500 0.068519
1 0.627083 0.535648 0.014063 0.056481
1 0.651172 0.530324 0.016927 0.057870
1 0.688021 0.509722 0.013021 0.081481
1 0.846224 0.599537 0.021615 0.061111
1 0.954297 0.599306 0.019010 0.079167
1 0.950911 0.584722 0.019531 0.075926
1 0.971224 0.623611 0.017448 0.050000
1 0.644401 0.549074 0.013802 0.027778
1 0.666536 0.549537 0.013281 0.023148
1 0.600000 0.444213 0.021875 0.076389
