0 0.352734 0.730787 0.021615 0.027315
0 0.424089 0.794907 0.023177 0.023148
0 0.481771 0.874537 0.016667 0.051852
0 0.507161 0.871759 0.015885 0.051852
0 0.511849 0.740741 0.014323 0.036111
0 0.509766 0.574074 0.012760 0.035185
0 0.489063 0.480787 0.009375 0.022685
0 0.480859 0.418981 0.007552 0.018519
0 0.477604 0.370602 0.008854 0.021759
0 0.489323 0.362269 0.008333 0.018056
0 0.478906 0.321296 0.008333 0.014815
0 0.458333 0.295833 0.008333 0.014815
0 0.466276 0.290046 0.008073 0.016204
0 0.447917 0.272685 0.007292 0.012037
0 0.450000 0.259491 0.007812 0.013426
0 0.420182 0.228241 0.014323 0.025000
0 0.412760 0.215741 0.006771 0.011111
0 0.440755 0.756481 0.030469 0.039815
