0 0.307292 0.443519 0.007292 0.014815
0 0.621484 0.903472 0.022656 0.050463
0 0.574349 0.769907 0.020052 0.043519
0 0.582943 0.706250 0.032552 0.088426
0 0.496745 0.512963 0.011719 0.023148
0 0.501823 0.491204 0.011458 0.023148
0 0.486458 0.454398 0.011458 0.019907
0 0.463021 0.403009 0.016146 0.031944
0 0.447005 0.400926 0.009635 0.016667
0 0.428776 0.353704 0.012240 0.028704
0 0.430729 0.330556 0.007812 0.014815
0 0.416146 0.301157 0.005729 0.015278
0 0.425651 0.297917 0.005469 0.011574
0 0.427604 0.281944 0.005729 0.013889
0 0.436849 0.260185 0.007031 0.012037
0 0.435286 0.250000 0.007031 0.012037
