1 0.471224 0.897685 0.023698 0.070370
1 0.501953 0.877778 0.024740 0.081481
1 0.513021 0.689352 0.025000 0.084259
1 0.464193 0.625926 0.023177 0.076852
1 0.528255 0.576852 0.026823 0.095370
1 0.426302 0.342130 0.020833 0.086111
1 0.378385 0.116435 0.020833 0.035648
1 0.355990 0.034722 0.017188 0.057407
1 0.426823 0.034722 0.015625 0.068519
1 0.418750 0.117824 0.015104 0.080093
1 0.433984 0.108102 0.014844 0.055093
1 0.446224 0.097222 0.014844 0.075000
1 0.434375 0.165278 0.015104 0.070370
1 0.454948 0.192130 0.019271 0.082407
1 0.491927 0.208796 0.023438 0.087037
1 0.507422 0.087963 0.026823 0.073148
1 0.511849 0.332176 0.018490 0.081944
1 0.545964 0.416898 0.020052 0.068981
1 0.551172 0.453935 0.016406 0.083796
1 0.575651 0.461806 0.014844 0.080093
1 0.595052 0.576852 0.023438 0.046296
1 0.620443 0.812731 0.025260 0.056019
1 0.623437 0.902315 0.018750 0.072222
1 0.587109 0.977546 0.019531 0.044907
1 0.630599 0.976852 0.017448 0.046296
1 0.397786 0.528241 0.019010 0.038889
