0 0.363411 0.875231 0.026302 0.031019
0 0.154297 0.912963 0.034635 0.035185
0 0.145313 0.953935 0.031771 0.030093
0 0.239453 0.965046 0.030990 0.029167
0 0.355208 0.985880 0.015625 0.028241
0 0.368620 0.648380 0.017969 0.023611
0 0.431120 0.702315 0.021615 0.025000
0 0.480990 0.763889 0.016667 0.044444
0 0.505859 0.753704 0.015885 0.046296
0 0.494531 0.612731 0.011979 0.031019
0 0.513672 0.615972 0.012760 0.031944
0 0.511328 0.548843 0.010677 0.023611
0 0.505599 0.450463 0.009635 0.025926
0 0.487760 0.390509 0.007812 0.017130
0 0.480078 0.341435 0.007031 0.015278
0 0.472786 0.308333 0.007552 0.018519
0 0.483854 0.303472 0.006771 0.012500
0 0.471875 0.273611 0.007292 0.012963
0 0.447266 0.668287 0.027344 0.036574
