0 0.421094 0.522222 0.021354 0.050926
0 0.816797 0.978935 0.024219 0.042130
0 0.807422 0.677546 0.022135 0.064352
0 0.792969 0.428241 0.020313 0.049074
0 0.773177 0.284028 0.019792 0.050463
0 0.929688 0.502083 0.044271 0.034722
0 0.923307 0.476620 0.045052 0.034722
0 0.921745 0.456019 0.041927 0.032407
0 0.910547 0.407407 0.038802 0.034259
0 0.909375 0.387500 0.041146 0.033333
0 0.988802 0.384028 0.022396 0.037500
0 0.905339 0.358796 0.036198 0.037037
0 0.903776 0.342130 0.041406 0.032407
0 0.895833 0.304398 0.039062 0.039352
0 0.968750 0.284491 0.050000 0.055093
0 0.961068 0.230093 0.039844 0.030556
0 0.889323 0.254861 0.038542 0.032870
0 0.885547 0.237269 0.036198 0.031019
0 0.869141 0.219676 0.033594 0.031019
0 0.871745 0.207870 0.034635 0.025926
0 0.863021 0.144444 0.035417 0.028704
0 0.862760 0.126389 0.033854 0.028704
0 0.845052 0.059491 0.032292 0.026389
0 0.841797 0.038194 0.036198 0.031019
0 0.838932 0.021759 0.026302 0.022222
0 0.885156 0.046991 0.019792 0.032870
0 0.910156 0.025694 0.033333 0.027315
0 0.908854 0.010417 0.029167 0.019907
