0 0.360677 0.689815 0.025000 0.078704
0 0.417969 0.344907 0.023438 0.079630
0 0.521875 0.383333 0.021354 0.054630
0 0.645833 0.401389 0.020313 0.050000
0 0.787891 0.899074 0.028385 0.075000
0 0.798307 0.981944 0.026823 0.036111
0 0.762500 0.703241 0.023438 0.065741
0 0.748568 0.582870 0.022656 0.058333
0 0.740234 0.515046 0.023698 0.058796
0 0.741797 0.462269 0.020052 0.055093
0 0.725651 0.339815 0.022135 0.052778
0 0.712630 0.271528 0.020573 0.052315
0 0.709245 0.230556 0.021094 0.048148
0 0.705599 0.189352 0.021094 0.050926
0 0.702083 0.150231 0.018750 0.040278
0 0.695573 0.112500 0.020313 0.044444
0 0.680859 0.055556 0.035156 0.027778
0 0.715234 0.030324 0.015365 0.039352
0 0.686328 0.027546 0.014844 0.033796
0 0.640104 0.024537 0.017188 0.039815
0 0.676693 0.092361 0.035156 0.032870
0 0.983464 0.017824 0.033073 0.034722
