0 0.397396 0.770602 0.028125 0.091204
0 0.499089 0.685648 0.023698 0.074074
0 0.389714 0.322222 0.021094 0.061111
0 0.629557 0.035648 0.015885 0.045370
0 0.630990 0.089583 0.017188 0.037500
0 0.632812 0.127778 0.017188 0.038889
0 0.635807 0.178241 0.017969 0.042593
0 0.641016 0.234491 0.018490 0.040278
0 0.644401 0.291435 0.020573 0.048611
0 0.647917 0.343750 0.021354 0.054167
0 0.754948 0.250694 0.041146 0.043981
0 0.726172 0.322685 0.019010 0.061111
0 0.727344 0.378472 0.021354 0.054167
0 0.659766 0.425694 0.021615 0.055093
0 0.663802 0.526157 0.021354 0.059722
0 0.760807 0.622454 0.023698 0.070833
0 0.685547 0.841667 0.024219 0.074074
0 0.787370 0.735648 0.026302 0.069444
0 0.793359 0.803472 0.025781 0.072685
0 0.807422 0.891667 0.039844 0.074074
0 0.842057 0.924306 0.052865 0.059722
0 0.800391 0.979630 0.026302 0.040741
0 0.981641 0.091667 0.022656 0.043519
