0 0.501823 0.780787 0.027604 0.078241
0 0.358854 0.465509 0.027083 0.081944
0 0.585286 0.177778 0.017969 0.050000
0 0.664193 0.023148 0.016406 0.037963
0 0.678646 0.119444 0.019271 0.045370
0 0.684375 0.168981 0.020313 0.039815
0 0.689063 0.212269 0.019792 0.046759
0 0.698438 0.286806 0.020313 0.051389
0 0.702865 0.334491 0.021875 0.048611
0 0.718620 0.395602 0.021615 0.056944
0 0.755729 0.381019 0.021354 0.058333
0 0.733984 0.556481 0.025781 0.071296
0 0.823568 0.617361 0.040885 0.057870
0 0.841667 0.672222 0.050521 0.061111
0 0.755729 0.775000 0.031250 0.076852
0 0.856641 0.794676 0.051823 0.059722
0 0.899089 0.897685 0.061719 0.048148
0 0.911198 0.933102 0.053125 0.052315
