0 0.301172 0.585417 0.010156 0.021759
0 0.299609 0.514120 0.009635 0.021759
0 0.301172 0.465972 0.008594 0.016204
0 0.518620 0.810880 0.022656 0.111574
0 0.541536 0.810417 0.015885 0.051389
0 0.518880 0.616435 0.013802 0.027315
0 0.501042 0.517824 0.010417 0.024537
0 0.476042 0.476852 0.011458 0.021296
0 0.490104 0.465741 0.010937 0.023148
0 0.458984 0.419213 0.009635 0.017130
0 0.465365 0.398380 0.009375 0.018981
0 0.436198 0.351620 0.009375 0.015278
0 0.382031 0.288889 0.007812 0.011111
0 0.367839 0.262037 0.008073 0.011111
0 0.351172 0.251620 0.008073 0.013426
0 0.348177 0.234954 0.013542 0.021759
0 0.321224 0.204630 0.003906 0.007407
0 0.329297 0.204861 0.004427 0.009722
0 0.328646 0.197454 0.004167 0.006944
0 0.332422 0.180556 0.007552 0.015741
0 0.339974 0.174537 0.005469 0.008333
0 0.342448 0.162963 0.007812 0.015741
