0 0.481771 0.876620 0.016667 0.057870
0 0.502604 0.782176 0.013542 0.038426
0 0.496615 0.629398 0.011458 0.030093
0 0.473568 0.557639 0.011198 0.029167
0 0.488411 0.537269 0.011198 0.032870
0 0.466276 0.489120 0.010156 0.021759
0 0.476432 0.464352 0.010677 0.023148
0 0.444531 0.381713 0.016667 0.041204
0 0.447917 0.364120 0.009896 0.018056
0 0.421615 0.316435 0.008333 0.013426
0 0.401172 0.286343 0.009115 0.012500
0 0.384505 0.276157 0.008073 0.012500
0 0.387240 0.266435 0.008333 0.014352
0 0.364323 0.254630 0.007812 0.011111
0 0.355990 0.237037 0.007292 0.012037
0 0.332813 0.218750 0.007292 0.009722
0 0.295703 0.190972 0.005469 0.009722
0 0.292187 0.173611 0.004687 0.007407
0 0.285286 0.169676 0.004948 0.009722
0 0.291536 0.158565 0.007552 0.017130
0 0.293750 0.513657 0.009375 0.017130
