0 0.411849 0.978704 0.020573 0.042593
0 0.412630 0.709954 0.022135 0.050463
0 0.474740 0.482176 0.015625 0.027315
0 0.529948 0.383565 0.013021 0.018981
0 0.572396 0.348380 0.012500 0.018056
0 0.595703 0.321528 0.012760 0.018981
0 0.605599 0.297454 0.009635 0.014352
0 0.622917 0.290741 0.010937 0.017593
0 0.638021 0.275926 0.009896 0.012963
0 0.658333 0.236806 0.007812 0.014352
0 0.670182 0.233333 0.006510 0.012037
0 0.672266 0.213889 0.005990 0.013889
0 0.677344 0.195602 0.006250 0.012500
0 0.684245 0.157870 0.004427 0.008333
0 0.684896 0.130787 0.004167 0.006944
0 0.681641 0.135417 0.003906 0.006019
0 0.562630 0.305787 0.011198 0.009722
0 0.632682 0.318287 0.011198 0.009722
0 0.632031 0.322917 0.012500 0.006944
0 0.633073 0.328472 0.011979 0.008796
0 0.629818 0.332639 0.007552 0.008796
0 0.715104 0.386574 0.015104 0.012963
0 0.780078 0.401389 0.015365 0.015741
0 0.721875 0.572222 0.026042 0.029630
0 0.687760 0.654167 0.015625 0.025926
0 0.714583 0.672685 0.017188 0.025926
0 0.662630 0.666435 0.015365 0.026389
0 0.681771 0.680556 0.016146 0.023148
0 0.691016 0.688194 0.016406 0.025463
0 0.700911 0.693981 0.014844 0.027778
0 0.710417 0.704398 0.011458 0.021759
0 0.680078 0.121296 0.003906 0.006481
0 0.676302 0.125926 0.004167 0.006481
0 0.672786 0.118750 0.004948 0.008796
0 0.612370 0.256250 0.009635 0.009722
0 0.699740 0.335417 0.009375 0.010648
0 0.335026 0.400231 0.016406 0.011574
0 0.332552 0.407407 0.016667 0.012963
0 0.324870 0.420370 0.017448 0.011111
