0 0.269922 0.592130 0.025781 0.070370
0 0.330078 0.934028 0.029427 0.078241
0 0.700781 0.959491 0.034375 0.081019
0 0.747266 0.769213 0.022135 0.065278
0 0.940755 0.705787 0.054427 0.055093
0 0.712109 0.553009 0.019010 0.076389
0 0.749089 0.488426 0.020052 0.051852
0 0.743490 0.338889 0.018750 0.052778
0 0.860547 0.351852 0.040885 0.032407
0 0.859766 0.333565 0.039844 0.027315
0 0.851693 0.292361 0.035156 0.033796
0 0.850781 0.272917 0.038021 0.028241
0 0.846224 0.249537 0.032552 0.033333
0 0.846615 0.235417 0.037500 0.030093
0 0.941797 0.302778 0.034115 0.032407
0 0.932943 0.271528 0.037760 0.031944
0 0.839974 0.203241 0.035156 0.035185
0 0.908073 0.185417 0.047396 0.051389
0 0.836068 0.158333 0.036198 0.032407
0 0.832552 0.143056 0.035417 0.027778
0 0.820833 0.128009 0.027083 0.029167
0 0.822526 0.116667 0.030990 0.025000
0 0.905078 0.136343 0.037760 0.031019
0 0.815104 0.064120 0.033333 0.027315
0 0.815625 0.045370 0.032813 0.025000
