0 0.403906 0.761111 0.018750 0.046296
0 0.467839 0.504630 0.015365 0.029630
0 0.524479 0.399306 0.013542 0.021759
0 0.563281 0.309491 0.010937 0.008796
0 0.568359 0.360185 0.011198 0.018519
0 0.591406 0.332176 0.012500 0.016204
0 0.602083 0.307176 0.009375 0.014352
0 0.619531 0.300231 0.011458 0.017130
0 0.635547 0.283565 0.009115 0.013426
0 0.657422 0.242130 0.008073 0.014815
0 0.669141 0.241204 0.007552 0.011111
0 0.672135 0.218750 0.007292 0.013426
0 0.678385 0.201389 0.006250 0.012037
0 0.684505 0.161343 0.004948 0.010648
0 0.686328 0.133333 0.003385 0.007407
0 0.682943 0.138657 0.004427 0.007870
0 0.677734 0.128704 0.004427 0.007407
0 0.682292 0.124074 0.004687 0.006481
0 0.674740 0.121296 0.004687 0.007407
0 0.714714 0.719213 0.013802 0.024537
0 0.703906 0.708102 0.015625 0.030093
0 0.694141 0.702083 0.017448 0.026389
0 0.683984 0.695139 0.015885 0.025463
0 0.664583 0.680324 0.015625 0.027315
0 0.691016 0.667824 0.016406 0.026389
0 0.717708 0.686806 0.017708 0.027315
0 0.724740 0.581944 0.027083 0.032407
0 0.792578 0.412037 0.015365 0.013889
0 0.717839 0.391898 0.014844 0.012500
0 0.633333 0.322685 0.009896 0.008333
0 0.633203 0.327778 0.012240 0.005556
0 0.633854 0.332639 0.012500 0.009722
0 0.630078 0.336111 0.005990 0.011111
0 0.851172 0.710880 0.015885 0.022685
0 0.612500 0.257870 0.009375 0.011111
0 0.696354 0.335417 0.010417 0.011574
0 0.331901 0.406713 0.015885 0.013426
0 0.329948 0.414352 0.016667 0.013889
0 0.322005 0.427083 0.017448 0.011574
