0 0.388932 0.932639 0.027865 0.101389
0 0.499349 0.654167 0.023698 0.075926
0 0.383203 0.409028 0.020573 0.068981
0 0.631250 0.057407 0.015625 0.048148
0 0.632943 0.114120 0.016406 0.039352
0 0.635286 0.152546 0.016927 0.040278
0 0.638411 0.205556 0.018490 0.044444
0 0.643099 0.265046 0.018490 0.043981
0 0.759766 0.280324 0.040885 0.046759
0 0.646875 0.322685 0.021354 0.049074
0 0.650260 0.377315 0.022917 0.055556
0 0.729818 0.355556 0.020052 0.063889
0 0.732422 0.415509 0.020573 0.059722
0 0.662891 0.461574 0.023698 0.058333
0 0.667057 0.567361 0.023177 0.060648
0 0.767969 0.666898 0.022396 0.072685
0 0.793490 0.786111 0.027604 0.069444
0 0.688281 0.868981 0.025000 0.075000
0 0.801042 0.856481 0.026042 0.076852
0 0.811198 0.954167 0.042188 0.077778
0 0.850130 0.976389 0.053906 0.047222
0 0.988672 0.116435 0.022135 0.043056
