1 0.055859 0.978241 0.020052 0.043519
1 0.028646 0.936806 0.021875 0.060648
1 0.037370 0.911343 0.015365 0.068981
1 0.108203 0.908796 0.016406 0.071296
1 0.042448 0.715972 0.015625 0.066204
1 0.070182 0.715741 0.017969 0.072222
1 0.084635 0.690741 0.015104 0.071296
1 0.047135 0.531713 0.019792 0.077315
1 0.046484 0.354167 0.015365 0.042593
1 0.156641 0.652778 0.013802 0.053704
1 0.174609 0.641898 0.015885 0.047685
1 0.246875 0.718056 0.017708 0.071296
1 0.263672 0.722454 0.012240 0.062500
1 0.392839 0.628241 0.011719 0.069444
1 0.453776 0.705556 0.017969 0.045370
1 0.493229 0.671528 0.010937 0.066204
