0 0.247656 0.664815 0.038021 0.114815
0 0.301432 0.501157 0.021615 0.060648
0 0.320964 0.082870 0.027344 0.080556
0 0.395052 0.083565 0.018229 0.039352
0 0.424089 0.070370 0.015885 0.036111
0 0.716406 0.022917 0.023958 0.032870
0 0.676693 0.103241 0.016406 0.035185
0 0.683984 0.176157 0.015885 0.035648
0 0.655208 0.194676 0.014063 0.032870
0 0.693490 0.289120 0.021875 0.046759
0 0.802214 0.205556 0.018490 0.042593
0 0.882943 0.157407 0.036719 0.030556
0 0.947917 0.143750 0.038542 0.027315
0 0.980469 0.204630 0.037500 0.028704
0 0.982422 0.230093 0.035156 0.034259
0 0.913411 0.285880 0.042448 0.033796
0 0.988932 0.267593 0.022135 0.027778
0 0.990625 0.289815 0.018750 0.026852
0 0.826562 0.321065 0.024479 0.055093
0 0.835547 0.370833 0.022656 0.048148
0 0.927865 0.339352 0.042188 0.035185
0 0.724740 0.480787 0.025521 0.061574
0 0.750260 0.637963 0.023958 0.060185
0 0.796875 0.981481 0.026562 0.037037
