0 0.304557 0.396296 0.022135 0.053704
0 0.697526 0.875926 0.036719 0.204630
0 0.740885 0.841435 0.024479 0.069907
0 0.935417 0.683565 0.056250 0.052315
0 0.747005 0.534259 0.021094 0.051852
0 0.710807 0.459954 0.021094 0.067130
0 0.745182 0.383796 0.019010 0.053704
0 0.857682 0.340509 0.040365 0.033796
0 0.855859 0.318981 0.039844 0.029630
0 0.847396 0.280324 0.033333 0.032870
0 0.846745 0.261343 0.038281 0.027315
0 0.936849 0.289815 0.034115 0.031481
0 0.927865 0.260185 0.036458 0.031481
0 0.842969 0.238194 0.032813 0.031944
0 0.842969 0.224074 0.038021 0.027778
0 0.835547 0.191667 0.035156 0.034259
0 0.904167 0.173843 0.046875 0.051389
0 0.832682 0.148611 0.034635 0.028704
0 0.829297 0.133333 0.034635 0.026852
0 0.901563 0.128009 0.036979 0.030093
0 0.816667 0.118287 0.030208 0.030093
0 0.818880 0.108565 0.032031 0.027315
0 0.811849 0.055556 0.032552 0.026852
0 0.811458 0.037731 0.033854 0.024537
0 0.704167 0.014583 0.016667 0.028241
