1 0.469401 0.937500 0.022135 0.075000
1 0.502344 0.909954 0.023438 0.083796
1 0.466276 0.665972 0.022656 0.072685
1 0.493750 0.618056 0.024479 0.081481
1 0.382552 0.349537 0.013542 0.075000
1 0.425260 0.347917 0.019792 0.083796
1 0.447917 0.236343 0.019792 0.082870
1 0.383073 0.249769 0.021354 0.072685
1 0.432161 0.189352 0.018490 0.074074
1 0.418750 0.140046 0.015104 0.077315
1 0.432292 0.135880 0.015625 0.066204
1 0.447266 0.123611 0.017448 0.078704
1 0.375651 0.120833 0.017448 0.033333
1 0.355078 0.044907 0.013802 0.069444
1 0.380208 0.038426 0.016667 0.054630
1 0.399089 0.072454 0.019531 0.062500
1 0.403385 0.043981 0.014583 0.037963
1 0.425911 0.061574 0.015885 0.062963
1 0.496615 0.031713 0.016667 0.062500
1 0.506641 0.089352 0.027344 0.071296
1 0.503516 0.200000 0.019531 0.081481
1 0.520443 0.304861 0.020573 0.087500
1 0.535677 0.393981 0.019271 0.069444
1 0.546615 0.437500 0.017708 0.072222
1 0.573698 0.469444 0.014583 0.079630
1 0.521094 0.545139 0.025521 0.089352
1 0.594531 0.583333 0.021875 0.049074
1 0.619271 0.818287 0.026042 0.056944
1 0.612760 0.893287 0.019792 0.043981
1 0.396875 0.532407 0.018229 0.035185
