0 0.241146 0.775463 0.026042 0.025926
0 0.240495 0.760185 0.022656 0.024074
0 0.242708 0.724537 0.025000 0.024074
0 0.243359 0.683796 0.023177 0.022222
0 0.247266 0.653935 0.020573 0.020833
0 0.254557 0.632176 0.015365 0.017130
0 0.316536 0.660417 0.022135 0.018056
0 0.311068 0.727315 0.020573 0.073148
0 0.421224 0.770370 0.019010 0.044444
0 0.400260 0.675231 0.010417 0.026389
0 0.402734 0.613426 0.019010 0.019444
0 0.339062 0.452778 0.007292 0.014815
0 0.399219 0.485417 0.015104 0.017130
0 0.442448 0.524537 0.014063 0.019444
0 0.481380 0.553935 0.012240 0.027315
0 0.499089 0.541204 0.012240 0.025926
0 0.492969 0.462500 0.009375 0.022222
0 0.509635 0.468981 0.009375 0.021296
0 0.506771 0.434722 0.008854 0.021296
0 0.495833 0.364815 0.007812 0.017593
0 0.510938 0.364815 0.008333 0.019444
0 0.493490 0.314120 0.006250 0.013426
0 0.504948 0.318750 0.007292 0.016204
0 0.502083 0.299769 0.006250 0.013426
0 0.495833 0.262731 0.006771 0.016204
0 0.480339 0.241898 0.006510 0.011574
0 0.616276 0.853935 0.025781 0.024537
0 0.466406 0.213657 0.006771 0.010648
0 0.464583 0.197917 0.005729 0.008796
0 0.452214 0.183333 0.005990 0.010185
0 0.456120 0.197685 0.006510 0.012037
0 0.460286 0.495833 0.021615 0.025000
