0 0.317969 0.371296 0.019271 0.054630
0 0.388151 0.227083 0.018490 0.047685
0 0.419271 0.123843 0.016146 0.039352
0 0.664193 0.017593 0.015885 0.032407
0 0.676823 0.127778 0.019271 0.038889
0 0.668880 0.275926 0.019010 0.050926
0 0.712240 0.347685 0.022917 0.052778
0 0.772656 0.060648 0.019792 0.040741
0 0.779297 0.097454 0.018490 0.037500
0 0.848437 0.037037 0.037500 0.025926
0 0.857552 0.076389 0.034896 0.027778
0 0.917839 0.023148 0.031510 0.023148
0 0.921354 0.038889 0.030729 0.025926
0 0.928776 0.063889 0.032552 0.029630
0 0.738021 0.514352 0.023438 0.050926
0 0.900260 0.647222 0.048438 0.037963
0 0.910156 0.672685 0.050000 0.037963
0 0.918620 0.701620 0.052865 0.039352
0 0.922005 0.729630 0.053906 0.037037
0 0.925000 0.756944 0.057813 0.052778
0 0.782552 0.846528 0.029687 0.073611
0 0.939453 0.845602 0.050260 0.049537
0 0.957552 0.903704 0.053646 0.050926
0 0.971224 0.968519 0.057552 0.050000
