0 0.383203 0.634028 0.024219 0.057870
0 0.730729 0.854630 0.025000 0.084259
0 0.773698 0.700926 0.021354 0.063889
0 0.975260 0.814120 0.049479 0.056944
0 0.767188 0.441204 0.019792 0.048148
0 0.893750 0.447917 0.041667 0.030093
0 0.888411 0.424769 0.043490 0.033796
0 0.886979 0.404861 0.040625 0.029167
0 0.971745 0.370833 0.035677 0.031481
0 0.876953 0.361111 0.037760 0.033333
0 0.876172 0.340046 0.041927 0.031019
0 0.961849 0.337963 0.038802 0.032407
0 0.871875 0.313889 0.034375 0.034259
0 0.871615 0.299537 0.039062 0.032407
0 0.934896 0.244213 0.050000 0.051389
0 0.864323 0.264583 0.035937 0.038426
0 0.859766 0.216204 0.036719 0.030556
0 0.930990 0.191898 0.037500 0.031944
0 0.854688 0.198380 0.036979 0.029167
0 0.842057 0.183333 0.028906 0.028704
0 0.844271 0.170833 0.032292 0.026852
0 0.836198 0.112963 0.034375 0.026852
0 0.835677 0.092361 0.033854 0.023611
0 0.820703 0.029630 0.032552 0.023148
0 0.857682 0.014815 0.017448 0.028704
0 0.817708 0.011574 0.033854 0.022222
0 0.752865 0.295370 0.021354 0.049074
