0 0.323177 0.264352 0.021354 0.048148
0 0.427214 0.043981 0.015885 0.037037
0 0.632161 0.089352 0.017969 0.041667
0 0.681901 0.119444 0.030469 0.050000
0 0.758203 0.176389 0.037760 0.036111
0 0.850911 0.180787 0.038281 0.033796
0 0.918750 0.144907 0.028125 0.042593
0 0.920052 0.069907 0.020313 0.037037
0 0.886198 0.029861 0.030208 0.036574
0 0.891406 0.013194 0.026562 0.025463
0 0.941016 0.044907 0.038802 0.088889
0 0.893099 0.200926 0.027344 0.037963
0 0.864844 0.247917 0.031771 0.042130
0 0.776432 0.364120 0.034115 0.047685
0 0.732161 0.490509 0.019531 0.051389
0 0.735417 0.622685 0.025000 0.060185
0 0.706380 0.657176 0.026302 0.068056
0 0.764583 0.796991 0.030729 0.078241
0 0.896094 0.654398 0.026562 0.065278
0 0.985677 0.574537 0.028646 0.040741
0 0.791276 0.946991 0.029427 0.075463
0 0.938021 0.858102 0.036458 0.089352
0 0.955469 0.939352 0.031771 0.079630
