1 0.080339 0.977315 0.017969 0.045370
1 0.058333 0.961574 0.020833 0.071296
1 0.033464 0.925000 0.019010 0.086111
1 0.039583 0.886806 0.018229 0.071759
1 0.109766 0.896991 0.017969 0.078241
1 0.043099 0.688194 0.015885 0.062500
1 0.072786 0.691667 0.017448 0.075926
1 0.085286 0.668056 0.015365 0.075000
1 0.157552 0.628704 0.013021 0.050926
1 0.176953 0.620370 0.014844 0.046296
1 0.243229 0.694676 0.022396 0.069907
1 0.259766 0.700463 0.012240 0.057407
1 0.057292 0.510185 0.017188 0.074074
1 0.054688 0.366667 0.016146 0.063889
1 0.051302 0.335417 0.013542 0.038426
1 0.369531 0.645139 0.020833 0.057870
1 0.377083 0.625463 0.012500 0.068519
1 0.400391 0.605556 0.019531 0.072222
1 0.454427 0.683333 0.015625 0.046296
1 0.483464 0.655556 0.025781 0.062963
