0 0.009766 0.777315 0.019010 0.094444
0 0.282813 0.029630 0.024479 0.053704
0 0.317318 0.231250 0.026823 0.061574
0 0.412630 0.017824 0.046094 0.034722
0 0.492839 0.016435 0.042448 0.031944
0 0.523698 0.121991 0.034896 0.053241
0 0.428776 0.303009 0.028906 0.058796
0 0.405339 0.465972 0.026823 0.072685
0 0.438281 0.655324 0.033333 0.087500
0 0.470052 0.791898 0.033333 0.086574
0 0.606250 0.601389 0.033333 0.079630
0 0.702734 0.463194 0.050781 0.046759
0 0.787500 0.409259 0.051562 0.047222
0 0.897266 0.379167 0.052344 0.046296
0 0.847786 0.525000 0.051302 0.050000
0 0.859245 0.578009 0.059115 0.054167
0 0.782813 0.729861 0.059896 0.056019
0 0.889714 0.655787 0.054948 0.056944
0 0.901172 0.696759 0.054427 0.061111
0 0.671354 0.865046 0.042708 0.113426
0 0.697656 0.957407 0.041146 0.085185
0 0.817839 0.847917 0.062760 0.061574
0 0.929036 0.774306 0.055469 0.063426
