0 0.369661 0.442361 0.019531 0.053241
0 0.299219 0.301389 0.018750 0.049074
0 0.411849 0.233796 0.017448 0.039815
0 0.664193 0.027546 0.017448 0.033796
0 0.707552 0.286574 0.019271 0.050000
0 0.733203 0.454398 0.022135 0.050463
0 0.829688 0.320833 0.038021 0.028704
0 0.836979 0.339352 0.040104 0.031481
0 0.843099 0.358796 0.041927 0.031481
0 0.845182 0.375000 0.042969 0.025926
0 0.846354 0.395139 0.048438 0.043056
0 0.921224 0.309954 0.042969 0.035648
0 0.916797 0.346759 0.039323 0.031481
0 0.928906 0.367130 0.044792 0.035185
0 0.935547 0.393519 0.041927 0.031481
0 0.941016 0.419213 0.045052 0.040278
0 0.855339 0.454861 0.039844 0.039352
0 0.868359 0.493981 0.043490 0.039815
0 0.879167 0.535880 0.047917 0.038426
0 0.888802 0.559259 0.040104 0.038889
0 0.894922 0.587731 0.052344 0.043056
0 0.904687 0.629398 0.046875 0.042130
0 0.974479 0.505324 0.043750 0.033796
0 0.980599 0.527083 0.038802 0.032870
0 0.982161 0.556250 0.035677 0.036574
0 0.965625 0.621528 0.032813 0.055093
0 0.769792 0.745370 0.029167 0.064815
0 0.939193 0.770370 0.050781 0.048148
0 0.943359 0.809028 0.052344 0.043056
0 0.967318 0.946528 0.053906 0.040278
0 0.963542 0.971991 0.059896 0.054167
