0 0.350651 0.949074 0.036719 0.101852
0 0.500391 0.687731 0.020052 0.068981
0 0.533073 0.629398 0.025000 0.071759
0 0.424870 0.481250 0.023698 0.069907
0 0.406120 0.270370 0.021094 0.059259
0 0.507031 0.184722 0.017188 0.049074
0 0.614193 0.143287 0.017969 0.049537
0 0.633724 0.064352 0.017448 0.035185
0 0.717578 0.045139 0.031510 0.036574
0 0.960026 0.120139 0.055990 0.062500
0 0.660286 0.397917 0.022135 0.058796
0 0.635547 0.512963 0.021615 0.063889
0 0.669401 0.533565 0.021615 0.061574
0 0.680990 0.697222 0.023438 0.064815
0 0.689844 0.830093 0.025521 0.076852
0 0.703125 0.967593 0.026042 0.064815
0 0.664193 0.981944 0.027344 0.036111
