0 0.357812 0.484954 0.020833 0.051389
0 0.754818 0.959491 0.025260 0.070833
0 0.963932 0.887500 0.061198 0.061111
0 0.742318 0.656250 0.022656 0.060648
0 0.722786 0.409028 0.021094 0.047685
0 0.702865 0.265972 0.020313 0.048611
0 0.862500 0.496296 0.044271 0.032407
0 0.856901 0.471991 0.043490 0.032870
0 0.854427 0.449074 0.042188 0.032407
0 0.841927 0.401852 0.039062 0.033333
0 0.841146 0.380556 0.042708 0.031481
0 0.938802 0.409722 0.036458 0.032407
0 0.928385 0.374769 0.039583 0.031944
0 0.835938 0.353009 0.034896 0.036574
0 0.835026 0.335185 0.039844 0.030556
0 0.897656 0.277778 0.051042 0.054630
0 0.826302 0.300000 0.038542 0.037963
0 0.819792 0.247917 0.038542 0.031019
0 0.891016 0.220370 0.038281 0.030556
0 0.814583 0.229861 0.036458 0.028241
0 0.801042 0.213657 0.032292 0.031019
0 0.802474 0.200694 0.034635 0.025463
0 0.792188 0.139583 0.035417 0.026389
0 0.791406 0.121065 0.034375 0.028241
0 0.774609 0.054167 0.032552 0.025926
0 0.813151 0.040278 0.019010 0.033333
0 0.837500 0.017361 0.032813 0.031019
0 0.770833 0.032407 0.034375 0.029630
0 0.767318 0.015046 0.028385 0.021759
