0 0.363151 0.902315 0.025781 0.072222
0 0.375391 0.368519 0.020052 0.046296
0 0.772135 0.933333 0.027083 0.075926
0 0.754557 0.649769 0.025260 0.062500
0 0.894401 0.609259 0.045052 0.032407
0 0.889583 0.587963 0.047396 0.037037
0 0.882031 0.561343 0.045312 0.036574
0 0.879297 0.535880 0.044531 0.031944
0 0.866797 0.484259 0.039844 0.034259
0 0.865365 0.460417 0.043750 0.031944
0 0.859115 0.429861 0.036458 0.038426
0 0.857682 0.412037 0.042969 0.033333
0 0.967839 0.490972 0.038281 0.034722
0 0.955859 0.453935 0.041927 0.034722
0 0.848047 0.372454 0.040365 0.039352
0 0.923698 0.348380 0.052604 0.056019
0 0.841146 0.315509 0.038542 0.034722
0 0.835938 0.296065 0.039062 0.031944
0 0.821745 0.278935 0.029427 0.034722
0 0.822917 0.264583 0.036458 0.026389
0 0.913932 0.285185 0.038802 0.031481
0 0.811198 0.196991 0.035937 0.027315
0 0.809896 0.175694 0.035417 0.029167
0 0.832292 0.092130 0.020833 0.029630
0 0.855729 0.065046 0.033854 0.029167
0 0.853516 0.048843 0.029427 0.021759
0 0.848568 0.037731 0.031510 0.023611
0 0.791016 0.106019 0.032552 0.026852
0 0.786198 0.081713 0.037500 0.031019
0 0.782422 0.063426 0.027865 0.020370
0 0.776823 0.053472 0.032813 0.021759
0 0.770312 0.030787 0.032292 0.029167
0 0.762240 0.011806 0.028646 0.022685
0 0.730078 0.409028 0.021615 0.046759
0 0.708203 0.262269 0.020573 0.047685
