0 0.394792 0.454398 0.005208 0.012500
0 0.600391 0.914815 0.015365 0.037963
0 0.535937 0.686574 0.010417 0.025926
0 0.520182 0.462269 0.007031 0.016204
0 0.510156 0.447454 0.006771 0.015278
0 0.511979 0.405093 0.006250 0.013889
0 0.495964 0.371991 0.005469 0.012500
0 0.491927 0.344676 0.006250 0.012500
0 0.482812 0.331713 0.006250 0.009722
0 0.473047 0.330324 0.005990 0.009722
0 0.457943 0.309491 0.007031 0.009722
0 0.404948 0.266667 0.007812 0.009259
0 0.392057 0.254398 0.007031 0.008796
0 0.387370 0.258102 0.007552 0.007870
0 0.362500 0.247222 0.007292 0.007407
