0 0.232161 0.561806 0.048698 0.051389
0 0.245182 0.536111 0.041406 0.035185
0 0.243099 0.506019 0.043490 0.036111
0 0.245833 0.457407 0.046875 0.040741
0 0.287240 0.189583 0.039583 0.036574
0 0.621484 0.458796 0.023177 0.064815
0 0.614974 0.392824 0.021094 0.066204
0 0.769531 0.476389 0.048438 0.048148
0 0.932813 0.505324 0.045833 0.042130
0 0.907943 0.406713 0.047135 0.039352
0 0.902995 0.377083 0.045052 0.036574
0 0.696354 0.113194 0.018750 0.043981
0 0.668099 0.075000 0.027865 0.030556
0 0.680729 0.017361 0.018229 0.033796
0 0.898958 0.760648 0.022917 0.050000
