0 0.373047 0.754398 0.023177 0.066204
0 0.383594 0.284491 0.018750 0.045833
0 0.781771 0.941435 0.025521 0.071759
0 0.761849 0.671991 0.024219 0.060648
0 0.918880 0.742130 0.049219 0.038889
0 0.913411 0.714815 0.048698 0.037963
0 0.905339 0.685185 0.048177 0.037037
0 0.901823 0.656481 0.047917 0.034259
0 0.887891 0.597917 0.042969 0.039352
0 0.886979 0.571991 0.045312 0.034722
0 0.988151 0.605787 0.023698 0.036574
0 0.979688 0.564583 0.040625 0.037500
0 0.879167 0.537269 0.039583 0.039352
0 0.877734 0.517361 0.046094 0.034722
0 0.866797 0.472685 0.044531 0.043519
0 0.946745 0.447685 0.055990 0.057407
0 0.859245 0.409259 0.040885 0.037037
0 0.853255 0.387731 0.040365 0.032870
0 0.838672 0.368287 0.031510 0.034722
0 0.838021 0.353935 0.039583 0.030093
0 0.935677 0.376389 0.042708 0.033333
0 0.826042 0.278935 0.039062 0.029167
0 0.824219 0.255324 0.038021 0.029167
0 0.804036 0.176852 0.037240 0.029630
0 0.799349 0.152315 0.038802 0.035185
0 0.794922 0.133102 0.029948 0.025463
0 0.788281 0.121528 0.035937 0.027315
0 0.781771 0.095370 0.034375 0.029630
0 0.773438 0.073148 0.031771 0.029630
0 0.849089 0.168056 0.022135 0.037963
0 0.871745 0.134028 0.035677 0.030093
0 0.868229 0.115278 0.032813 0.024074
0 0.863932 0.103935 0.032552 0.025463
0 0.841536 0.051157 0.034635 0.029167
0 0.838672 0.036574 0.032031 0.024074
0 0.834766 0.020602 0.034635 0.027315
0 0.768750 0.037269 0.037500 0.033796
0 0.729427 0.427778 0.021354 0.047222
0 0.707031 0.276852 0.020833 0.050000
