0 0.394922 0.983102 0.023698 0.033796
0 0.501693 0.838657 0.023698 0.079167
0 0.536719 0.810648 0.026562 0.079630
0 0.421094 0.493519 0.023958 0.066667
0 0.385286 0.486574 0.028906 0.111111
0 0.508594 0.279167 0.019271 0.055556
0 0.441536 0.133333 0.019010 0.051852
0 0.605729 0.014352 0.015625 0.027778
0 0.631120 0.031944 0.015365 0.036111
0 0.622526 0.279861 0.019010 0.052315
0 0.655339 0.323380 0.022135 0.055093
0 0.664583 0.448148 0.021354 0.055556
0 0.672917 0.572917 0.022396 0.059722
0 0.644792 0.634028 0.022917 0.067130
0 0.680078 0.675231 0.023698 0.067130
0 0.689193 0.781019 0.024219 0.066667
0 0.696354 0.884259 0.028646 0.078704
0 0.841016 0.812269 0.054948 0.060648
0 0.805339 0.940509 0.031510 0.096759
0 0.702474 0.965278 0.029427 0.069444
