0 0.393750 0.460185 0.006250 0.011111
0 0.592578 0.886343 0.015365 0.034722
0 0.533464 0.671528 0.010156 0.026389
0 0.519661 0.454630 0.005990 0.016667
0 0.509505 0.440046 0.005990 0.015278
0 0.510286 0.399769 0.005990 0.011574
0 0.493229 0.367130 0.005729 0.011111
0 0.488932 0.340278 0.005469 0.011111
0 0.478906 0.327546 0.005729 0.009722
0 0.469141 0.326157 0.006510 0.009722
0 0.454036 0.305093 0.007031 0.010185
0 0.399870 0.264120 0.007552 0.008796
0 0.387630 0.253241 0.007031 0.008333
0 0.381901 0.256250 0.007031 0.008796
