1 0.540104 0.931250 0.020833 0.092130
1 0.461589 0.942361 0.017969 0.068056
1 0.471224 0.916667 0.016406 0.077778
1 0.490234 0.862037 0.019531 0.085185
1 0.487370 0.822454 0.017969 0.068056
1 0.491667 0.765972 0.017188 0.063426
1 0.491146 0.662731 0.023438 0.079167
1 0.530859 0.534491 0.021615 0.061574
1 0.555729 0.510880 0.021875 0.071759
1 0.423307 0.487037 0.014844 0.068519
1 0.608594 0.629167 0.014583 0.059259
1 0.627214 0.644676 0.018490 0.029167
1 0.633073 0.619213 0.017188 0.051389
1 0.650000 0.604861 0.016146 0.074537
1 0.847396 0.689815 0.019792 0.062037
1 0.951953 0.719444 0.016406 0.051852
1 0.953646 0.689583 0.019271 0.073611
1 0.953125 0.665972 0.014063 0.073611
